MAE: 7.3125 [10, 4, 3, 6, 27, 4, 3, 4, 5, 4, 0, 1, 8, 6, 32, 8, 10, 0, 12, 5, 7, 2, 6, 8, 3, 0, 3, 3, 8, 10, 13, 19]
MAPE: 10.585686408604655 [10.309278350515463, 4.819277108433735, 17.647058823529413, 11.538461538461538, 23.076923076923077, 11.428571428571429, 9.375, 22.22222222222222, 27.77777777777778, 19.047619047619047, 0.0, 1.0, 9.63855421686747, 10.0, 21.768707482993197, 12.5, 10.869565217391305, 0.0, 4.137931034482759, 7.352941176470589, 6.60377358490566, 6.666666666666667, 6.521739130434782, 18.6046511627907, 6.382978723404255, 0.0, 4.0, 2.608695652173913, 11.428571428571429, 5.9880239520958085, 18.30985915492958, 17.117117117117118]
RMSE: 10.161200716450788 [100, 16, 9, 36, 729, 16, 9, 16, 25, 16, 0, 1, 64, 36, 1024, 64, 100, 0, 144, 25, 49, 4, 36, 64, 9, 0, 9, 9, 64, 100, 169, 361]

pred: 2512 [87, 87, 14, 46, 144, 31, 29, 14, 13, 25, 12, 101, 75, 54, 179, 56, 82, 62, 302, 73, 99, 28, 86, 35, 50, 95, 72, 112, 78, 157, 84, 130]
real: 2490 [97, 83, 17, 52, 117, 35, 32, 18, 18, 21, 12, 100, 83, 60, 147, 64, 92, 62, 290, 68, 106, 30, 92, 43, 47, 95, 75, 115, 70, 167, 71, 111]

grid_scale: 0.3
resize_scale: 0.5
confiance: 0.3

random_seed: 1011
data_augmentation: False
samples: 32
