MAE: 66.3076923076923
MAPE: 74.43970917126246
RMSE: 81.01851640211638
grid_scale: 0.3
resize_scale: 0.5
confiance: 0.75

random_seed: 1011
data_augmentation: False
samples: 65
total_pred: 1421
total_real: 5731
