MAE: 71.61538461538461
MAPE: 79.16040613009481
RMSE: 88.3276243921981
grid_scale: 0.35
resize_scale: 0.5
confiance: 0.75

random_seed: 1011
data_augmentation: False
samples: 65
total_pred: 1076
total_real: 5731
