MAE: 7.569230769230769
MAPE: 9.644538807213403
RMSE: 9.725462219587067
grid_scale: 0.35
resize_scale: 0.5
confiance: 0.45

random_seed: 1011
data_augmentation: False
samples: 65
total_pred: 6217
total_real: 5731
