MAE: 11.523076923076923
MAPE: 14.927739299959924
RMSE: 16.360835036052503
grid_scale: 0.4
resize_scale: 0.5
confiance: 0.45

random_seed: 1011
data_augmentation: False
samples: 65
total_pred: 6350
total_real: 5731
