MAE: 85.29230769230769
MAPE: 94.99842664066719
RMSE: 103.48496732153158
grid_scale: 0.5
resize_scale: 0.5
confiance: 0.8

random_seed: 1011
data_augmentation: False
samples: 65
total_pred: 187
total_real: 5731
