MAE: 63.23076923076923
MAPE: 77.14818783158489
RMSE: 72.70911486612518
grid_scale: 0.2
resize_scale: 0.5
confiance: 0.5

random_seed: 1011
data_augmentation: False
samples: 65
total_pred: 1621
total_real: 5731
