MAE: 78.24615384615385
MAPE: 88.01435032427462
RMSE: 94.04254356406997
grid_scale: 0.4
resize_scale: 0.5
confiance: 0.85

random_seed: 1011
data_augmentation: False
samples: 65
total_pred: 645
total_real: 5731
