MAE: 88.16923076923077
MAPE: 100.0
RMSE: 105.51128266318617
grid_scale: 0.3
resize_scale: 0.5
confiance: 0.8

random_seed: 1011
data_augmentation: False
samples: 65
total_pred: 0
total_real: 5731
