MAE: 11.061538461538461
MAPE: 11.260215349752624
RMSE: 15.930135930657679
grid_scale: 0.45
resize_scale: 0.5
confiance: 0.75

random_seed: 1011
data_augmentation: False
samples: 65
total_pred: 5188
total_real: 5731
