MAE: 10.061538461538461
MAPE: 13.363927234267285
RMSE: 13.7023299534731
grid_scale: 0.4
resize_scale: 0.5
confiance: 0.5

random_seed: 1011
data_augmentation: False
samples: 65
total_pred: 6147
total_real: 5731
