MAE: 15.461538461538462
MAPE: 17.533714229666444
RMSE: 21.97866097972164
grid_scale: 0.45
resize_scale: 0.5
confiance: 0.45

random_seed: 1011
data_augmentation: False
samples: 65
total_pred: 6684
total_real: 5731
