MAE: 12.153846153846153
MAPE: 14.125222754258314
RMSE: 17.080803439939416
grid_scale: 0.45
resize_scale: 0.5
confiance: 0.5

random_seed: 1011
data_augmentation: False
samples: 65
total_pred: 6401
total_real: 5731
