MAE: 11.461538461538462
MAPE: 10.379179501545787
RMSE: 17.960212436639797
grid_scale: 0.45
resize_scale: 0.5
confiance: 0.75

random_seed: 1011
data_augmentation: False
samples: 65
total_pred: 4988
total_real: 5731
