MAE: 55.707692307692305
MAPE: 55.23826867807553
RMSE: 77.68625262009904
grid_scale: 0.4
resize_scale: 0.5
confiance: 0.5

random_seed: 1011
data_augmentation: False
samples: 65
total_pred: 2114
total_real: 5731
