MAE: 6.4
MAPE: 7.072653980613885
RMSE: 8.721326645731054
grid_scale: 0.25
resize_scale: 0.5
confiance: 0.75

random_seed: 1011
data_augmentation: False
samples: 65
total_pred: 5339
total_real: 5731
