MAE: 5.2615384615384615
MAPE: 7.665107725650437
RMSE: 6.89704507519204
grid_scale: 0.4
resize_scale: 0.5
confiance: 0.45

random_seed: 1011
data_augmentation: False
samples: 65
total_pred: 6057
total_real: 5731
