MAE: 13.507692307692308
MAPE: 16.14722394889527
RMSE: 16.654867618345556
grid_scale: 0.2
resize_scale: 0.5
confiance: 0.45

random_seed: 1011
data_augmentation: False
samples: 65
total_pred: 6599
total_real: 5731
