MAE: 14.076923076923077
MAPE: 18.56049513490131
RMSE: 22.758599389106664
grid_scale: 0.3
resize_scale: 0.5
confiance: 0.45

random_seed: 1011
data_augmentation: False
samples: 65
total_pred: 6578
total_real: 5731
