MAE: 3.723076923076923
MAPE: 4.7676252313590695
RMSE: 5.200591682314028
grid_scale: 0.5
resize_scale: 0.5
confiance: 0.5

random_seed: 1011
data_augmentation: False
samples: 65
total_pred: 5785
total_real: 5731
