MAE: 72.13846153846154
MAPE: 83.32443058582163
RMSE: 84.87701510012998
grid_scale: 0.3
resize_scale: 0.5
confiance: 0.85

random_seed: 1011
data_augmentation: False
samples: 65
total_pred: 1042
total_real: 5731
