MAE: 4.0
MAPE: 5.586165598507132
RMSE: 5.126102132900112
grid_scale: 0.5
resize_scale: 0.5
confiance: 0.45

random_seed: 1011
data_augmentation: False
samples: 65
total_pred: 5881
total_real: 5731
