MAE: 12.5625 [18, 21, 1, 8, 46, 8, 2, 2, 5, 4, 1, 17, 7, 13, 26, 0, 2, 6, 46, 10, 2, 6, 11, 1, 2, 14, 5, 11, 15, 23, 29, 40]
MAPE: 15.328122864024879 [18.556701030927837, 25.301204819277107, 5.88235294117647, 15.384615384615385, 39.31623931623932, 22.857142857142858, 6.25, 11.11111111111111, 27.77777777777778, 19.047619047619047, 8.333333333333332, 17.0, 8.433734939759036, 21.666666666666668, 17.687074829931973, 0.0, 2.1739130434782608, 9.67741935483871, 15.862068965517242, 14.705882352941178, 1.8867924528301887, 20.0, 11.956521739130435, 2.3255813953488373, 4.25531914893617, 14.736842105263156, 6.666666666666667, 9.565217391304348, 21.428571428571427, 13.77245508982036, 40.845070422535215, 36.03603603603604]
RMSE: 17.855321335669096 [324, 441, 1, 64, 2116, 64, 4, 4, 25, 16, 1, 289, 49, 169, 676, 0, 4, 36, 2116, 100, 4, 36, 121, 1, 4, 196, 25, 121, 225, 529, 841, 1600]

pred: 2694 [115, 104, 18, 60, 163, 27, 30, 16, 13, 25, 13, 117, 90, 47, 173, 64, 94, 56, 244, 78, 108, 24, 103, 44, 49, 109, 80, 104, 85, 190, 100, 151]
real: 2490 [97, 83, 17, 52, 117, 35, 32, 18, 18, 21, 12, 100, 83, 60, 147, 64, 92, 62, 290, 68, 106, 30, 92, 43, 47, 95, 75, 115, 70, 167, 71, 111]

grid_scale: 0.4
resize_scale: 0.5
confiance: 0.8

random_seed: 1011
data_augmentation: False
samples: 32
