MAE: 6.28125 [9, 6, 0, 10, 29, 3, 5, 3, 2, 6, 0, 9, 3, 0, 31, 7, 1, 4, 35, 2, 0, 1, 3, 2, 3, 0, 4, 3, 2, 6, 5, 7]
MAPE: 7.92587469337832 [9.278350515463918, 7.228915662650602, 0.0, 19.230769230769234, 24.786324786324787, 8.571428571428571, 15.625, 16.666666666666664, 11.11111111111111, 28.57142857142857, 0.0, 9.0, 3.614457831325301, 0.0, 21.08843537414966, 10.9375, 1.0869565217391304, 6.451612903225806, 12.068965517241379, 2.941176470588235, 0.0, 3.3333333333333335, 3.260869565217391, 4.651162790697675, 6.382978723404255, 0.0, 5.333333333333334, 2.608695652173913, 2.857142857142857, 3.592814371257485, 7.042253521126761, 6.306306306306306]
RMSE: 10.678541567086771 [81, 36, 0, 100, 841, 9, 25, 9, 4, 36, 0, 81, 9, 0, 961, 49, 1, 16, 1225, 4, 0, 1, 9, 4, 9, 0, 16, 9, 4, 36, 25, 49]

pred: 2633 [106, 89, 17, 42, 146, 32, 37, 21, 16, 27, 12, 109, 86, 60, 178, 57, 93, 66, 325, 70, 106, 29, 89, 45, 50, 95, 79, 112, 72, 173, 76, 118]
real: 2490 [97, 83, 17, 52, 117, 35, 32, 18, 18, 21, 12, 100, 83, 60, 147, 64, 92, 62, 290, 68, 106, 30, 92, 43, 47, 95, 75, 115, 70, 167, 71, 111]

grid_scale: 0.4
resize_scale: 0.5
confiance: 0.4

random_seed: 1011
data_augmentation: False
samples: 32
