MAE: 4.076923076923077 [3, 8, 7, 11, 9, 10, 2, 4, 1, 0, 6, 1, 3, 5, 7, 2, 4, 7, 0, 1, 3, 10, 1, 1, 0, 0]
MAPE: 5.846001087159493 [6.521739130434782, 3.3333333333333335, 7.526881720430108, 8.088235294117647, 12.32876712328767, 26.31578947368421, 4.3478260869565215, 3.9215686274509802, 1.8518518518518516, 0.0, 4.477611940298507, 3.4482758620689653, 10.0, 9.25925925925926, 12.5, 7.6923076923076925, 1.4925373134328357, 8.860759493670885, 0.0, 1.7241379310344827, 3.125, 12.345679012345679, 0.7936507936507936, 2.0408163265306123, 0.0, 0.0]
RMSE: 5.356520110324211 [9, 64, 49, 121, 81, 100, 4, 16, 1, 0, 36, 1, 9, 25, 49, 4, 16, 49, 0, 1, 9, 100, 1, 1, 0, 0]

pred: 2358 [49, 248, 100, 147, 82, 28, 48, 106, 53, 84, 140, 28, 33, 59, 63, 28, 264, 86, 173, 57, 93, 91, 127, 50, 95, 26]
real: 2292 [46, 240, 93, 136, 73, 38, 46, 102, 54, 84, 134, 29, 30, 54, 56, 26, 268, 79, 173, 58, 96, 81, 126, 49, 95, 26]

grid_scale: 0.3
resize_scale: 0.5
confiance: 0.6

random_seed: 1011
data_augmentation: True
samples: 26
