MAE: 10.192307692307692 [2, 32, 11, 14, 1, 15, 0, 8, 5, 2, 12, 2, 0, 2, 3, 1, 59, 3, 27, 5, 11, 4, 31, 6, 9, 0]
MAPE: 9.29412644991339 [4.3478260869565215, 13.333333333333334, 11.827956989247312, 10.294117647058822, 1.36986301369863, 39.473684210526315, 0.0, 7.8431372549019605, 9.25925925925926, 2.380952380952381, 8.955223880597014, 6.896551724137931, 0.0, 3.7037037037037033, 5.357142857142857, 3.8461538461538463, 22.01492537313433, 3.79746835443038, 15.606936416184972, 8.620689655172415, 11.458333333333332, 4.938271604938271, 24.6031746031746, 12.244897959183673, 9.473684210526317, 0.0]
RMSE: 16.738945835754045 [4, 1024, 121, 196, 1, 225, 0, 64, 25, 4, 144, 4, 0, 4, 9, 1, 3481, 9, 729, 25, 121, 16, 961, 36, 81, 0]

pred: 2031 [44, 208, 82, 122, 74, 23, 46, 94, 49, 82, 122, 27, 30, 52, 53, 27, 209, 76, 146, 53, 85, 77, 95, 43, 86, 26]
real: 2292 [46, 240, 93, 136, 73, 38, 46, 102, 54, 84, 134, 29, 30, 54, 56, 26, 268, 79, 173, 58, 96, 81, 126, 49, 95, 26]

grid_scale: 0.5
resize_scale: 0.5
confiance: 0.7

random_seed: 1011
data_augmentation: True
samples: 26
