MAE: 5.038461538461538 [4, 5, 5, 3, 5, 11, 1, 9, 4, 4, 1, 6, 3, 1, 8, 2, 16, 4, 13, 2, 0, 2, 17, 3, 2, 0]
MAPE: 6.875981779747156 [8.695652173913043, 2.083333333333333, 5.376344086021505, 2.2058823529411766, 6.8493150684931505, 28.947368421052634, 2.1739130434782608, 8.823529411764707, 7.4074074074074066, 4.761904761904762, 0.7462686567164178, 20.689655172413794, 10.0, 1.8518518518518516, 14.285714285714285, 7.6923076923076925, 5.970149253731343, 5.063291139240507, 7.514450867052023, 3.4482758620689653, 0.0, 2.4691358024691357, 13.492063492063492, 6.122448979591836, 2.1052631578947367, 0.0]
RMSE: 6.796492307970906 [16, 25, 25, 9, 25, 121, 1, 81, 16, 16, 1, 36, 9, 1, 64, 4, 256, 16, 169, 4, 0, 4, 289, 9, 4, 0]

pred: 2279 [50, 235, 98, 133, 78, 27, 47, 111, 50, 88, 133, 35, 33, 55, 64, 28, 252, 83, 160, 56, 96, 83, 109, 52, 97, 26]
real: 2292 [46, 240, 93, 136, 73, 38, 46, 102, 54, 84, 134, 29, 30, 54, 56, 26, 268, 79, 173, 58, 96, 81, 126, 49, 95, 26]

grid_scale: 0.5
resize_scale: 0.5
confiance: 0.5

random_seed: 1011
data_augmentation: True
samples: 26
