MAE: 7.6923076923076925 [6, 22, 6, 15, 12, 4, 4, 7, 2, 9, 11, 1, 5, 6, 10, 6, 14, 16, 3, 5, 6, 11, 6, 9, 3, 1]
MAPE: 10.107564964988796 [13.043478260869565, 9.166666666666666, 6.451612903225806, 11.029411764705882, 16.43835616438356, 10.526315789473683, 8.695652173913043, 6.862745098039216, 3.7037037037037033, 10.714285714285714, 8.208955223880597, 3.4482758620689653, 16.666666666666664, 11.11111111111111, 17.857142857142858, 23.076923076923077, 5.223880597014925, 20.253164556962027, 1.7341040462427744, 8.620689655172415, 6.25, 13.580246913580247, 4.761904761904762, 18.367346938775512, 3.1578947368421053, 3.8461538461538463]
RMSE: 9.156754547663372 [36, 484, 36, 225, 144, 16, 16, 49, 4, 81, 121, 1, 25, 36, 100, 36, 196, 256, 9, 25, 36, 121, 36, 81, 9, 1]

pred: 2484 [52, 262, 99, 151, 85, 34, 50, 109, 56, 93, 145, 30, 35, 60, 66, 32, 282, 95, 176, 63, 102, 92, 132, 58, 98, 27]
real: 2292 [46, 240, 93, 136, 73, 38, 46, 102, 54, 84, 134, 29, 30, 54, 56, 26, 268, 79, 173, 58, 96, 81, 126, 49, 95, 26]

grid_scale: 0.4
resize_scale: 0.5
confiance: 0.4

random_seed: 1011
data_augmentation: True
samples: 26
