MAE: 5.423076923076923 [1, 12, 2, 6, 3, 14, 2, 3, 2, 0, 2, 2, 3, 1, 3, 0, 20, 5, 19, 5, 11, 0, 16, 2, 7, 0]
MAPE: 6.164640328430791 [2.1739130434782608, 5.0, 2.1505376344086025, 4.411764705882353, 4.10958904109589, 36.84210526315789, 4.3478260869565215, 2.941176470588235, 3.7037037037037033, 0.0, 1.4925373134328357, 6.896551724137931, 10.0, 1.8518518518518516, 5.357142857142857, 0.0, 7.462686567164178, 6.329113924050633, 10.982658959537572, 8.620689655172415, 11.458333333333332, 0.0, 12.698412698412698, 4.081632653061225, 7.368421052631578, 0.0]
RMSE: 8.026398751811232 [1, 144, 4, 36, 9, 196, 4, 9, 4, 0, 4, 4, 9, 1, 9, 0, 400, 25, 361, 25, 121, 0, 256, 4, 49, 0]

pred: 2177 [47, 228, 91, 130, 76, 24, 48, 99, 52, 84, 132, 27, 33, 55, 59, 26, 248, 74, 154, 53, 85, 81, 110, 47, 88, 26]
real: 2292 [46, 240, 93, 136, 73, 38, 46, 102, 54, 84, 134, 29, 30, 54, 56, 26, 268, 79, 173, 58, 96, 81, 126, 49, 95, 26]

grid_scale: 0.3
resize_scale: 0.5
confiance: 0.7

random_seed: 1011
data_augmentation: True
samples: 26
