MAE: 3.8846153846153846 [0, 12, 0, 5, 3, 13, 3, 2, 4, 2, 3, 4, 1, 2, 3, 0, 10, 0, 12, 3, 7, 0, 7, 1, 3, 1]
MAPE: 5.054839187832736 [0.0, 5.0, 0.0, 3.6764705882352944, 4.10958904109589, 34.21052631578947, 6.521739130434782, 1.9607843137254901, 7.4074074074074066, 2.380952380952381, 2.2388059701492535, 13.793103448275861, 3.3333333333333335, 3.7037037037037033, 5.357142857142857, 0.0, 3.731343283582089, 0.0, 6.9364161849710975, 5.172413793103448, 7.291666666666667, 0.0, 5.555555555555555, 2.0408163265306123, 3.1578947368421053, 3.8461538461538463]
RMSE: 5.480735492473755 [0, 144, 0, 25, 9, 169, 9, 4, 16, 4, 9, 16, 1, 4, 9, 0, 100, 0, 144, 9, 49, 0, 49, 1, 9, 1]

pred: 2223 [46, 228, 93, 131, 76, 25, 49, 104, 50, 86, 131, 25, 29, 56, 59, 26, 258, 79, 161, 55, 89, 81, 119, 50, 92, 25]
real: 2292 [46, 240, 93, 136, 73, 38, 46, 102, 54, 84, 134, 29, 30, 54, 56, 26, 268, 79, 173, 58, 96, 81, 126, 49, 95, 26]

grid_scale: 0.3
resize_scale: 0.5
confiance: 0.7

random_seed: 1011
data_augmentation: True
samples: 26
