MAE: 6.153846153846154 [1, 19, 2, 5, 3, 10, 1, 3, 4, 4, 2, 2, 1, 2, 3, 2, 32, 6, 18, 1, 7, 2, 22, 3, 3, 2]
MAPE: 6.460027443000593 [2.1739130434782608, 7.916666666666666, 2.1505376344086025, 3.6764705882352944, 4.10958904109589, 26.31578947368421, 2.1739130434782608, 2.941176470588235, 7.4074074074074066, 4.761904761904762, 1.4925373134328357, 6.896551724137931, 3.3333333333333335, 3.7037037037037033, 5.357142857142857, 7.6923076923076925, 11.940298507462686, 7.59493670886076, 10.404624277456648, 1.7241379310344827, 7.291666666666667, 2.4691358024691357, 17.46031746031746, 6.122448979591836, 3.1578947368421053, 7.6923076923076925]
RMSE: 9.829312519977407 [1, 361, 4, 25, 9, 100, 1, 9, 16, 16, 4, 4, 1, 4, 9, 4, 1024, 36, 324, 1, 49, 4, 484, 9, 9, 4]

pred: 2200 [45, 221, 95, 131, 76, 28, 47, 105, 50, 88, 132, 27, 31, 56, 59, 28, 236, 85, 155, 57, 89, 83, 104, 52, 92, 28]
real: 2292 [46, 240, 93, 136, 73, 38, 46, 102, 54, 84, 134, 29, 30, 54, 56, 26, 268, 79, 173, 58, 96, 81, 126, 49, 95, 26]

grid_scale: 0.5
resize_scale: 0.5
confiance: 0.6

random_seed: 1011
data_augmentation: True
samples: 26
