MAE: 6.576923076923077 [1, 19, 0, 1, 8, 12, 1, 1, 5, 3, 6, 1, 2, 2, 3, 1, 45, 3, 18, 2, 9, 1, 21, 1, 5, 0]
MAPE: 6.379611356619599 [2.1739130434782608, 7.916666666666666, 0.0, 0.7352941176470588, 10.95890410958904, 31.57894736842105, 2.1739130434782608, 0.9803921568627451, 9.25925925925926, 3.571428571428571, 4.477611940298507, 3.4482758620689653, 6.666666666666667, 3.7037037037037033, 5.357142857142857, 3.8461538461538463, 16.791044776119403, 3.79746835443038, 10.404624277456648, 3.4482758620689653, 9.375, 1.2345679012345678, 16.666666666666664, 2.0408163265306123, 5.263157894736842, 0.0]
RMSE: 11.722758929666554 [1, 361, 0, 1, 64, 144, 1, 1, 25, 9, 36, 1, 4, 4, 9, 1, 2025, 9, 324, 4, 81, 1, 441, 1, 25, 0]

pred: 2169 [45, 221, 93, 135, 81, 26, 47, 101, 49, 87, 128, 28, 32, 56, 59, 27, 223, 82, 155, 56, 87, 82, 105, 48, 90, 26]
real: 2292 [46, 240, 93, 136, 73, 38, 46, 102, 54, 84, 134, 29, 30, 54, 56, 26, 268, 79, 173, 58, 96, 81, 126, 49, 95, 26]

grid_scale: 0.5
resize_scale: 0.5
confiance: 0.6

random_seed: 1011
data_augmentation: True
samples: 26
