MAE: 5.384615384615385 [2, 2, 5, 4, 12, 10, 3, 8, 4, 3, 13, 2, 3, 3, 10, 7, 8, 9, 3, 1, 2, 7, 15, 3, 0, 1]
MAPE: 8.037105869857067 [4.3478260869565215, 0.8333333333333334, 5.376344086021505, 2.941176470588235, 16.43835616438356, 26.31578947368421, 6.521739130434782, 7.8431372549019605, 7.4074074074074066, 3.571428571428571, 9.701492537313433, 6.896551724137931, 10.0, 5.555555555555555, 17.857142857142858, 26.923076923076923, 2.9850746268656714, 11.39240506329114, 1.7341040462427744, 1.7241379310344827, 2.083333333333333, 8.641975308641975, 11.904761904761903, 6.122448979591836, 0.0, 3.8461538461538463]
RMSE: 6.719661163618754 [4, 4, 25, 16, 144, 100, 9, 64, 16, 9, 169, 4, 9, 9, 100, 49, 64, 81, 9, 1, 4, 49, 225, 9, 0, 1]

pred: 2356 [48, 242, 98, 140, 85, 28, 49, 110, 58, 87, 147, 31, 33, 57, 66, 33, 260, 88, 170, 59, 94, 88, 111, 52, 95, 27]
real: 2292 [46, 240, 93, 136, 73, 38, 46, 102, 54, 84, 134, 29, 30, 54, 56, 26, 268, 79, 173, 58, 96, 81, 126, 49, 95, 26]

grid_scale: 0.4
resize_scale: 0.5
confiance: 0.5

random_seed: 1011
data_augmentation: True
samples: 26
