MAE: 5.153846153846154 [4, 7, 5, 1, 8, 8, 7, 1, 2, 2, 5, 0, 2, 1, 7, 3, 21, 9, 12, 3, 6, 2, 11, 2, 4, 1]
MAPE: 6.508881496297461 [8.695652173913043, 2.9166666666666665, 5.376344086021505, 0.7352941176470588, 10.95890410958904, 21.052631578947366, 15.217391304347828, 0.9803921568627451, 3.7037037037037033, 2.380952380952381, 3.731343283582089, 0.0, 6.666666666666667, 1.8518518518518516, 12.5, 11.538461538461538, 7.835820895522389, 11.39240506329114, 6.9364161849710975, 5.172413793103448, 6.25, 2.4691358024691357, 8.73015873015873, 4.081632653061225, 4.2105263157894735, 3.8461538461538463]
RMSE: 6.855654600401044 [16, 49, 25, 1, 64, 64, 49, 1, 4, 4, 25, 0, 4, 1, 49, 9, 441, 81, 144, 9, 36, 4, 121, 4, 16, 1]

pred: 2280 [50, 233, 98, 137, 81, 30, 53, 103, 56, 86, 139, 29, 32, 55, 63, 29, 247, 88, 161, 55, 90, 83, 115, 51, 91, 25]
real: 2292 [46, 240, 93, 136, 73, 38, 46, 102, 54, 84, 134, 29, 30, 54, 56, 26, 268, 79, 173, 58, 96, 81, 126, 49, 95, 26]

grid_scale: 0.4
resize_scale: 0.5
confiance: 0.6

random_seed: 1011
data_augmentation: True
samples: 26
