MAE: 4.346153846153846 [2, 9, 3, 1, 8, 10, 3, 3, 3, 1, 5, 1, 1, 2, 1, 4, 10, 9, 9, 4, 4, 5, 13, 0, 2, 0]
MAPE: 5.650553665288319 [4.3478260869565215, 3.75, 3.225806451612903, 0.7352941176470588, 10.95890410958904, 26.31578947368421, 6.521739130434782, 2.941176470588235, 5.555555555555555, 1.1904761904761905, 3.731343283582089, 3.4482758620689653, 3.3333333333333335, 3.7037037037037033, 1.7857142857142856, 15.384615384615385, 3.731343283582089, 11.39240506329114, 5.202312138728324, 6.896551724137931, 4.166666666666666, 6.172839506172839, 10.317460317460316, 0.0, 2.1052631578947367, 0.0]
RMSE: 5.6398308758057905 [4, 81, 9, 1, 64, 100, 9, 9, 9, 1, 25, 1, 1, 4, 1, 16, 100, 81, 81, 16, 16, 25, 169, 0, 4, 0]

pred: 2277 [48, 231, 96, 137, 81, 28, 49, 105, 51, 85, 139, 30, 31, 56, 57, 30, 258, 88, 164, 54, 92, 86, 113, 49, 93, 26]
real: 2292 [46, 240, 93, 136, 73, 38, 46, 102, 54, 84, 134, 29, 30, 54, 56, 26, 268, 79, 173, 58, 96, 81, 126, 49, 95, 26]

grid_scale: 0.5
resize_scale: 0.5
confiance: 0.5

random_seed: 1011
data_augmentation: True
samples: 26
