MAE: 11.26923076923077 [9, 19, 14, 20, 17, 2, 14, 22, 4, 10, 16, 3, 7, 7, 10, 7, 23, 16, 11, 6, 8, 9, 15, 17, 4, 3]
MAPE: 14.91538905669972 [19.565217391304348, 7.916666666666666, 15.053763440860216, 14.705882352941178, 23.28767123287671, 5.263157894736842, 30.434782608695656, 21.568627450980394, 7.4074074074074066, 11.904761904761903, 11.940298507462686, 10.344827586206897, 23.333333333333332, 12.962962962962962, 17.857142857142858, 26.923076923076923, 8.582089552238806, 20.253164556962027, 6.358381502890173, 10.344827586206897, 8.333333333333332, 11.11111111111111, 11.904761904761903, 34.69387755102041, 4.2105263157894735, 11.538461538461538]
RMSE: 12.807750057619861 [81, 361, 196, 400, 289, 4, 196, 484, 16, 100, 256, 9, 49, 49, 100, 49, 529, 256, 121, 36, 64, 81, 225, 289, 16, 9]

pred: 2585 [55, 259, 107, 156, 90, 40, 60, 124, 58, 94, 150, 32, 37, 61, 66, 33, 291, 95, 184, 64, 104, 90, 141, 66, 99, 29]
real: 2292 [46, 240, 93, 136, 73, 38, 46, 102, 54, 84, 134, 29, 30, 54, 56, 26, 268, 79, 173, 58, 96, 81, 126, 49, 95, 26]

grid_scale: 0.3
resize_scale: 0.5
confiance: 0.4

random_seed: 1011
data_augmentation: True
samples: 26
