MAE: 8.115384615384615 [6, 7, 5, 6, 3, 8, 12, 23, 9, 12, 3, 5, 7, 14, 2, 6, 3, 12, 10, 10, 8, 7, 13, 6, 10, 4]
MAPE: 12.81757114616374 [13.636363636363635, 6.1946902654867255, 2.4630541871921183, 6.25, 6.25, 10.666666666666668, 4.477611940298507, 9.583333333333334, 18.0, 16.43835616438356, 5.555555555555555, 3.816793893129771, 17.94871794871795, 30.434782608695656, 6.896551724137931, 20.689655172413794, 6.976744186046512, 9.6, 6.756756756756757, 21.73913043478261, 8.333333333333332, 38.88888888888889, 30.23255813953488, 12.5, 10.416666666666668, 8.51063829787234]
RMSE: 9.246621004453464 [36, 49, 25, 36, 9, 64, 144, 529, 81, 144, 9, 25, 49, 196, 4, 36, 9, 144, 100, 100, 64, 49, 169, 36, 100, 16]

pred: 2445 [50, 120, 208, 102, 51, 83, 280, 263, 59, 85, 57, 136, 46, 60, 31, 35, 46, 137, 158, 56, 104, 11, 56, 54, 106, 51]
real: 2248 [44, 113, 203, 96, 48, 75, 268, 240, 50, 73, 54, 131, 39, 46, 29, 29, 43, 125, 148, 46, 96, 18, 43, 48, 96, 47]

grid_scale: 0.3
resize_scale: 0.5
confiance: 0.5

random_seed: 1011
data_augmentation: True
samples: 26
