MAE: 5.3076923076923075 [4, 4, 2, 7, 12, 12, 3, 7, 3, 7, 14, 1, 4, 7, 9, 7, 3, 9, 6, 1, 1, 3, 4, 6, 1, 1]
MAPE: 8.419432376797308 [8.695652173913043, 1.6666666666666667, 2.1505376344086025, 5.147058823529411, 16.43835616438356, 31.57894736842105, 6.521739130434782, 6.862745098039216, 5.555555555555555, 8.333333333333332, 10.44776119402985, 3.4482758620689653, 13.333333333333334, 12.962962962962962, 16.071428571428573, 26.923076923076923, 1.1194029850746268, 11.39240506329114, 3.4682080924855487, 1.7241379310344827, 1.0416666666666665, 3.7037037037037033, 3.1746031746031744, 12.244897959183673, 1.0526315789473684, 3.8461538461538463]
RMSE: 6.421119001448987 [16, 16, 4, 49, 144, 144, 9, 49, 9, 49, 196, 1, 16, 49, 81, 49, 9, 81, 36, 1, 1, 9, 16, 36, 1, 1]

pred: 2394 [50, 244, 95, 143, 85, 26, 49, 109, 57, 91, 148, 28, 34, 61, 65, 33, 265, 88, 179, 57, 97, 84, 130, 55, 94, 27]
real: 2292 [46, 240, 93, 136, 73, 38, 46, 102, 54, 84, 134, 29, 30, 54, 56, 26, 268, 79, 173, 58, 96, 81, 126, 49, 95, 26]

grid_scale: 0.4
resize_scale: 0.5
confiance: 0.5

random_seed: 1011
data_augmentation: True
samples: 26
