MAE: 4.923076923076923 [2, 5, 2, 4, 7, 9, 7, 10, 0, 6, 8, 1, 3, 7, 7, 8, 1, 9, 8, 1, 4, 5, 4, 8, 1, 1]
MAPE: 7.902472852901514 [4.3478260869565215, 2.083333333333333, 2.1505376344086025, 2.941176470588235, 9.58904109589041, 23.684210526315788, 15.217391304347828, 9.803921568627452, 0.0, 7.142857142857142, 5.970149253731343, 3.4482758620689653, 10.0, 12.962962962962962, 12.5, 30.76923076923077, 0.3731343283582089, 11.39240506329114, 4.624277456647398, 1.7241379310344827, 4.166666666666666, 6.172839506172839, 3.1746031746031744, 16.3265306122449, 1.0526315789473684, 3.8461538461538463]
RMSE: 5.784594926314068 [4, 25, 4, 16, 49, 81, 49, 100, 0, 36, 64, 1, 9, 49, 49, 64, 1, 81, 64, 1, 16, 25, 16, 64, 1, 1]

pred: 2376 [48, 245, 95, 132, 80, 29, 53, 112, 54, 90, 142, 30, 33, 61, 63, 34, 267, 88, 165, 59, 100, 86, 130, 57, 96, 27]
real: 2292 [46, 240, 93, 136, 73, 38, 46, 102, 54, 84, 134, 29, 30, 54, 56, 26, 268, 79, 173, 58, 96, 81, 126, 49, 95, 26]

grid_scale: 0.5
resize_scale: 0.5
confiance: 0.4

random_seed: 1011
data_augmentation: True
samples: 26
