MAE: 15.5 [8, 52, 7, 9, 0, 14, 2, 12, 6, 1, 12, 3, 1, 5, 2, 1, 101, 4, 51, 7, 22, 6, 54, 3, 18, 2]
MAPE: 13.385034055220663 [17.391304347826086, 21.666666666666668, 7.526881720430108, 6.61764705882353, 0.0, 36.84210526315789, 4.3478260869565215, 11.76470588235294, 11.11111111111111, 1.1904761904761905, 8.955223880597014, 10.344827586206897, 3.3333333333333335, 9.25925925925926, 3.571428571428571, 3.8461538461538463, 37.6865671641791, 5.063291139240507, 29.47976878612717, 12.068965517241379, 22.916666666666664, 7.4074074074074066, 42.857142857142854, 6.122448979591836, 18.947368421052634, 7.6923076923076925]
RMSE: 27.806335747313195 [64, 2704, 49, 81, 0, 196, 4, 144, 36, 1, 144, 9, 1, 25, 4, 1, 10201, 16, 2601, 49, 484, 36, 2916, 9, 324, 4]

pred: 1901 [38, 188, 86, 127, 73, 24, 48, 90, 48, 85, 122, 26, 29, 49, 58, 27, 167, 75, 122, 51, 74, 75, 72, 46, 77, 24]
real: 2292 [46, 240, 93, 136, 73, 38, 46, 102, 54, 84, 134, 29, 30, 54, 56, 26, 268, 79, 173, 58, 96, 81, 126, 49, 95, 26]

grid_scale: 0.5
resize_scale: 0.5
confiance: 0.7

random_seed: 1011
data_augmentation: True
samples: 26
