MAE: 7.076923076923077 [8, 13, 9, 9, 11, 1, 5, 17, 2, 4, 12, 2, 3, 6, 10, 4, 11, 18, 1, 3, 2, 4, 15, 9, 2, 3]
MAPE: 9.48410652020582 [17.391304347826086, 5.416666666666667, 9.67741935483871, 6.61764705882353, 15.068493150684931, 2.631578947368421, 10.869565217391305, 16.666666666666664, 3.7037037037037033, 4.761904761904762, 8.955223880597014, 6.896551724137931, 10.0, 11.11111111111111, 17.857142857142858, 15.384615384615385, 4.104477611940299, 22.78481012658228, 0.5780346820809248, 5.172413793103448, 2.083333333333333, 4.938271604938271, 11.904761904761903, 18.367346938775512, 2.1052631578947367, 11.538461538461538]
RMSE: 8.66913179931221 [64, 169, 81, 81, 121, 1, 25, 289, 4, 16, 144, 4, 9, 36, 100, 16, 121, 324, 1, 9, 4, 16, 225, 81, 4, 9]

pred: 2472 [54, 253, 102, 145, 84, 37, 51, 119, 56, 88, 146, 31, 33, 60, 66, 30, 279, 97, 172, 61, 98, 85, 141, 58, 97, 29]
real: 2292 [46, 240, 93, 136, 73, 38, 46, 102, 54, 84, 134, 29, 30, 54, 56, 26, 268, 79, 173, 58, 96, 81, 126, 49, 95, 26]

grid_scale: 0.4
resize_scale: 0.5
confiance: 0.4

random_seed: 1011
data_augmentation: True
samples: 26
