MAE: 5.1923076923076925 [4, 8, 9, 7, 10, 7, 3, 15, 0, 5, 6, 5, 0, 3, 10, 3, 1, 13, 0, 1, 2, 5, 4, 3, 7, 4]
MAPE: 7.757020384023556 [8.695652173913043, 3.3333333333333335, 9.67741935483871, 5.147058823529411, 13.698630136986301, 18.421052631578945, 6.521739130434782, 14.705882352941178, 0.0, 5.952380952380952, 4.477611940298507, 17.24137931034483, 0.0, 5.555555555555555, 17.857142857142858, 11.538461538461538, 0.3731343283582089, 16.455696202531644, 0.0, 1.7241379310344827, 2.083333333333333, 6.172839506172839, 3.1746031746031744, 6.122448979591836, 7.368421052631578, 15.384615384615385]
RMSE: 6.465886815255298 [16, 64, 81, 49, 100, 49, 9, 225, 0, 25, 36, 25, 0, 9, 100, 9, 1, 169, 0, 1, 4, 25, 16, 9, 49, 16]

pred: 2409 [50, 248, 102, 143, 83, 31, 49, 117, 54, 89, 140, 34, 30, 57, 66, 29, 269, 92, 173, 59, 94, 86, 130, 52, 102, 30]
real: 2292 [46, 240, 93, 136, 73, 38, 46, 102, 54, 84, 134, 29, 30, 54, 56, 26, 268, 79, 173, 58, 96, 81, 126, 49, 95, 26]

grid_scale: 0.5
resize_scale: 0.5
confiance: 0.4

random_seed: 1011
data_augmentation: True
samples: 26
