MAE: 6.961538461538462 [11, 11, 10, 7, 13, 10, 7, 9, 4, 3, 10, 2, 2, 6, 10, 1, 18, 12, 4, 0, 2, 4, 11, 5, 1, 8]
MAPE: 9.976013062769717 [23.91304347826087, 4.583333333333333, 10.75268817204301, 5.147058823529411, 17.80821917808219, 26.31578947368421, 15.217391304347828, 8.823529411764707, 7.4074074074074066, 3.571428571428571, 7.462686567164178, 6.896551724137931, 6.666666666666667, 11.11111111111111, 17.857142857142858, 3.8461538461538463, 6.7164179104477615, 15.18987341772152, 2.312138728323699, 0.0, 2.083333333333333, 4.938271604938271, 8.73015873015873, 10.204081632653061, 1.0526315789473684, 30.76923076923077]
RMSE: 8.262519638054167 [121, 121, 100, 49, 169, 100, 49, 81, 16, 9, 100, 4, 4, 36, 100, 1, 324, 144, 16, 0, 4, 16, 121, 25, 1, 64]

pred: 2453 [57, 251, 103, 143, 86, 28, 53, 111, 58, 87, 144, 31, 32, 60, 66, 27, 286, 91, 177, 58, 98, 85, 137, 54, 96, 34]
real: 2292 [46, 240, 93, 136, 73, 38, 46, 102, 54, 84, 134, 29, 30, 54, 56, 26, 268, 79, 173, 58, 96, 81, 126, 49, 95, 26]

grid_scale: 0.3
resize_scale: 0.5
confiance: 0.5

random_seed: 1011
data_augmentation: True
samples: 26
