MAE: 4.576923076923077 [4, 1, 5, 1, 5, 11, 1, 8, 3, 1, 3, 1, 0, 3, 8, 3, 16, 14, 6, 1, 3, 2, 8, 5, 4, 2]
MAPE: 6.453261840275941 [8.695652173913043, 0.4166666666666667, 5.376344086021505, 0.7352941176470588, 6.8493150684931505, 28.947368421052634, 2.1739130434782608, 7.8431372549019605, 5.555555555555555, 1.1904761904761905, 2.2388059701492535, 3.4482758620689653, 0.0, 5.555555555555555, 14.285714285714285, 11.538461538461538, 5.970149253731343, 17.72151898734177, 3.4682080924855487, 1.7241379310344827, 3.125, 2.4691358024691357, 6.349206349206349, 10.204081632653061, 4.2105263157894735, 7.6923076923076925]
RMSE: 6.098549638422868 [16, 1, 25, 1, 25, 121, 1, 64, 9, 1, 9, 1, 0, 9, 64, 9, 256, 196, 36, 1, 9, 4, 64, 25, 16, 4]

pred: 2299 [50, 239, 98, 135, 78, 27, 47, 110, 51, 83, 137, 28, 30, 57, 64, 29, 252, 93, 167, 57, 93, 83, 118, 54, 91, 28]
real: 2292 [46, 240, 93, 136, 73, 38, 46, 102, 54, 84, 134, 29, 30, 54, 56, 26, 268, 79, 173, 58, 96, 81, 126, 49, 95, 26]

grid_scale: 0.4
resize_scale: 0.5
confiance: 0.6

random_seed: 1011
data_augmentation: True
samples: 26
