MAE: 11.23076923076923 [7, 32, 11, 9, 15, 3, 9, 22, 7, 8, 14, 6, 7, 5, 14, 4, 29, 27, 9, 3, 3, 5, 24, 8, 7, 4]
MAPE: 14.075850563593175 [15.217391304347828, 13.333333333333334, 11.827956989247312, 6.61764705882353, 20.54794520547945, 7.894736842105263, 19.565217391304348, 21.568627450980394, 12.962962962962962, 9.523809523809524, 10.44776119402985, 20.689655172413794, 23.333333333333332, 9.25925925925926, 25.0, 15.384615384615385, 10.820895522388058, 34.177215189873415, 5.202312138728324, 5.172413793103448, 3.125, 6.172839506172839, 19.047619047619047, 16.3265306122449, 7.368421052631578, 15.384615384615385]
RMSE: 14.010984701572275 [49, 1024, 121, 81, 225, 9, 81, 484, 49, 64, 196, 36, 49, 25, 196, 16, 841, 729, 81, 9, 9, 25, 576, 64, 49, 16]

pred: 2578 [53, 272, 104, 145, 88, 35, 55, 124, 61, 92, 148, 35, 37, 59, 70, 30, 297, 106, 182, 61, 99, 86, 150, 57, 102, 30]
real: 2292 [46, 240, 93, 136, 73, 38, 46, 102, 54, 84, 134, 29, 30, 54, 56, 26, 268, 79, 173, 58, 96, 81, 126, 49, 95, 26]

grid_scale: 0.3
resize_scale: 0.5
confiance: 0.4

random_seed: 1011
data_augmentation: True
samples: 26
