MAE: 5.884615384615385 [1, 21, 4, 5, 0, 11, 0, 2, 1, 1, 9, 2, 1, 3, 2, 1, 32, 4, 13, 4, 6, 3, 18, 1, 6, 2]
MAPE: 5.9413193976356755 [2.1739130434782608, 8.75, 4.301075268817205, 3.6764705882352944, 0.0, 28.947368421052634, 0.0, 1.9607843137254901, 1.8518518518518516, 1.1904761904761905, 6.7164179104477615, 6.896551724137931, 3.3333333333333335, 5.555555555555555, 3.571428571428571, 3.8461538461538463, 11.940298507462686, 5.063291139240507, 7.514450867052023, 6.896551724137931, 6.25, 3.7037037037037033, 14.285714285714285, 2.0408163265306123, 6.315789473684211, 7.6923076923076925]
RMSE: 9.496963077337286 [1, 441, 16, 25, 0, 121, 0, 4, 1, 1, 81, 4, 1, 9, 4, 1, 1024, 16, 169, 16, 36, 9, 324, 1, 36, 4]

pred: 2165 [45, 219, 89, 131, 73, 27, 46, 104, 53, 83, 125, 27, 29, 57, 58, 27, 236, 83, 160, 54, 90, 78, 108, 50, 89, 24]
real: 2292 [46, 240, 93, 136, 73, 38, 46, 102, 54, 84, 134, 29, 30, 54, 56, 26, 268, 79, 173, 58, 96, 81, 126, 49, 95, 26]

grid_scale: 0.4
resize_scale: 0.5
confiance: 0.7

random_seed: 1011
data_augmentation: True
samples: 26
