MAE: 5.25 [1, 8, 0, 21, 2, 1, 16, 7, 5, 3, 1, 14, 7, 1, 1, 4, 13, 1, 4, 2, 1, 6, 1, 4, 11, 9, 5, 4, 13, 1, 0, 1]
MAPE: 9.008578548217304 [0.9009009009009009, 5.442176870748299, 0.0, 40.38461538461539, 6.25, 0.5988023952095809, 22.535211267605636, 7.608695652173914, 27.77777777777778, 10.0, 1.0, 15.217391304347828, 20.0, 8.333333333333332, 1.3333333333333335, 1.3793103448275863, 20.3125, 1.2048192771084338, 5.88235294117647, 4.651162790697675, 1.0526315789473684, 5.660377358490567, 1.0309278350515463, 19.047619047619047, 18.333333333333332, 7.82608695652174, 7.142857142857142, 4.819277108433735, 11.11111111111111, 5.88235294117647, 0.0, 5.555555555555555]
RMSE: 7.441438033068608
grid_scale: 0.4
resize_scale: 0.5
confiance: 0.5

random_seed: 1011
data_augmentation: True
samples: 32
total_pred: 2378
total_real: 2490
