MAE: 3.875 [2, 12, 9, 1, 0, 5, 1, 4, 1, 0, 2, 4, 8, 1, 3, 8, 3, 5, 1, 0, 10, 5, 1, 3, 3, 1, 6, 10, 4, 2, 7, 2]
MAPE: 6.513961877986212 [11.11111111111111, 23.076923076923077, 9.782608695652174, 3.125, 0.0, 7.142857142857142, 0.9009009009009009, 19.047619047619047, 8.333333333333332, 0.0, 2.4096385542168677, 5.333333333333334, 13.333333333333334, 0.6802721088435374, 8.571428571428571, 8.695652173913043, 3.0927835051546393, 1.7241379310344827, 0.5988023952095809, 0.0, 8.547008547008547, 4.716981132075472, 2.3255813953488373, 6.382978723404255, 3.614457831325301, 1.4705882352941175, 9.375, 14.084507042253522, 6.451612903225806, 11.76470588235294, 6.086956521739131, 6.666666666666667]
RMSE: 5.062114182829147
grid_scale: 0.4
resize_scale: 0.5
confiance: 0.5

random_seed: 1011
data_augmentation: True
samples: 32
total_pred: 2438
total_real: 2490
