MAE: 6.125 [3, 7, 1, 19, 22, 6, 3, 1, 2, 5, 0, 7, 3, 10, 11, 16, 7, 0, 5, 4, 9, 4, 9, 6, 1, 2, 3, 13, 3, 1, 12, 1]
MAPE: 9.453381143639593 [3.0927835051546393, 8.433734939759036, 5.88235294117647, 36.53846153846153, 18.803418803418804, 17.142857142857142, 9.375, 5.555555555555555, 11.11111111111111, 23.809523809523807, 0.0, 7.000000000000001, 3.614457831325301, 16.666666666666664, 7.482993197278912, 25.0, 7.608695652173914, 0.0, 1.7241379310344827, 5.88235294117647, 8.49056603773585, 13.333333333333334, 9.782608695652174, 13.953488372093023, 2.127659574468085, 2.1052631578947367, 4.0, 11.304347826086957, 4.285714285714286, 0.5988023952095809, 16.901408450704224, 0.9009009009009009]
RMSE: 8.208227579691002 [9, 49, 1, 361, 484, 36, 9, 1, 4, 25, 0, 49, 9, 100, 121, 256, 49, 0, 25, 16, 81, 16, 81, 36, 1, 4, 9, 169, 9, 1, 144, 1]

pred: 2428 [94, 90, 18, 33, 139, 29, 35, 19, 16, 26, 12, 107, 80, 50, 158, 48, 85, 62, 285, 64, 97, 26, 83, 49, 48, 97, 72, 102, 67, 166, 59, 112]
real: 2490 [97, 83, 17, 52, 117, 35, 32, 18, 18, 21, 12, 100, 83, 60, 147, 64, 92, 62, 290, 68, 106, 30, 92, 43, 47, 95, 75, 115, 70, 167, 71, 111]

grid_scale: 0.3
resize_scale: 0.5
confiance: 0.5

random_seed: 1011
data_augmentation: False
samples: 32
