MAE: 3.9076923076923076 [10, 4, 2, 0, 2, 4, 4, 2, 1, 1, 2, 0, 6, 1, 0, 6, 5, 3, 2, 0, 3, 3, 2, 3, 2, 2, 4, 1, 3, 0, 5, 7, 1, 1, 1, 1, 2, 5, 0, 4, 0, 0, 10, 14, 12, 1, 4, 7, 1, 5, 1, 8, 1, 3, 1, 3, 1, 3, 0, 2, 9, 25, 1, 1, 0, 3, 3, 1, 3, 3, 4, 4, 3, 7, 2, 3, 1, 1, 2, 2, 18, 0, 2, 6, 12, 2, 1, 4, 7, 4, 9, 2, 3, 1, 1, 13, 3, 6, 4, 2, 5, 3, 2, 8, 6, 8, 22, 1, 1, 1, 9, 4, 0, 0, 2, 1, 1, 12, 2, 2, 5, 1, 4, 1, 5, 2, 2, 36, 1, 1]
MAPE: 5.7287735138274085 [15.625, 4.040404040404041, 2.083333333333333, 0.0, 1.6528925619834711, 4.301075268817205, 4.395604395604396, 2.1505376344086025, 1.0416666666666665, 0.8333333333333334, 1.6260162601626018, 0.0, 4.724409448818897, 0.8, 0.0, 10.714285714285714, 8.620689655172415, 2.4193548387096775, 2.666666666666667, 0.0, 4.918032786885246, 7.5, 2.73972602739726, 15.789473684210526, 6.896551724137931, 2.8169014084507045, 8.333333333333332, 3.8461538461538463, 9.375, 0.0, 13.513513513513514, 10.76923076923077, 1.4492753623188406, 3.3333333333333335, 3.3333333333333335, 2.4390243902439024, 7.6923076923076925, 6.329113924050633, 0.0, 8.16326530612245, 0.0, 0.0, 8.47457627118644, 7.567567567567568, 12.631578947368421, 1.7543859649122806, 4.2105263157894735, 14.893617021276595, 1.2345679012345678, 2.242152466367713, 1.0, 7.8431372549019605, 0.9803921568627451, 2.2058823529411766, 1.0309278350515463, 6.976744186046512, 2.1739130434782608, 6.122448979591836, 0.0, 7.6923076923076925, 9.67741935483871, 21.929824561403507, 0.5952380952380952, 1.2048192771084338, 0.0, 3.9473684210526314, 5.172413793103448, 1.7241379310344827, 1.282051282051282, 6.382978723404255, 6.557377049180328, 8.51063829787234, 1.7857142857142856, 3.4482758620689653, 0.9433962264150944, 4.166666666666666, 1.5384615384615385, 1.7543859649122806, 4.878048780487805, 1.5873015873015872, 100.0, 0.0, 6.451612903225806, 10.909090909090908, 31.57894736842105, 3.9215686274509802, 2.7777777777777777, 4.761904761904762, 7.142857142857142, 2.7027027027027026, 18.75, 2.380952380952381, 6.25, 2.1739130434782608, 1.3157894736842104, 13.541666666666666, 1.7964071856287425, 13.043478260869565, 8.333333333333332, 1.8691588785046727, 9.25925925925926, 5.172413793103448, 1.1976047904191618, 5.797101449275362, 3.4682080924855487, 3.9603960396039604, 16.793893129770993, 1.3513513513513513, 2.3255813953488373, 1.7857142857142856, 8.181818181818182, 9.30232558139535, 0.0, 0.0, 5.128205128205128, 2.083333333333333, 2.0, 14.814814814814813, 5.128205128205128, 6.666666666666667, 7.352941176470589, 2.1739130434782608, 3.361344537815126, 0.7462686567164178, 1.8656716417910446, 3.7037037037037033, 0.7604562737642585, 12.857142857142856, 3.4482758620689653, 1.2987012987012987]
RMSE: 6.322122331087146
grid_scale: 0.45
resize_scale: 0.5
confiance: 0.45

random_seed: 1011
data_augmentation: True
samples: all
total_pred: 10969
total_real: 11073
