MAE: 7.5 [7, 14, 1, 11, 30, 2, 3, 0, 1, 10, 0, 11, 4, 5, 45, 6, 3, 7, 23, 10, 0, 3, 2, 5, 3, 5, 5, 5, 2, 7, 3, 7]
MAPE: 9.699872190802614 [7.216494845360824, 16.867469879518072, 5.88235294117647, 21.153846153846153, 25.64102564102564, 5.714285714285714, 9.375, 0.0, 5.555555555555555, 47.61904761904761, 0.0, 11.0, 4.819277108433735, 8.333333333333332, 30.612244897959183, 9.375, 3.260869565217391, 11.29032258064516, 7.931034482758621, 14.705882352941178, 0.0, 10.0, 2.1739130434782608, 11.627906976744185, 6.382978723404255, 5.263157894736842, 6.666666666666667, 4.3478260869565215, 2.857142857142857, 4.191616766467066, 4.225352112676056, 6.306306306306306]
RMSE: 11.890121950594114 [49, 196, 1, 121, 900, 4, 9, 0, 1, 100, 0, 121, 16, 25, 2025, 36, 9, 49, 529, 100, 0, 9, 4, 25, 9, 25, 25, 25, 4, 49, 9, 49]

pred: 2660 [104, 97, 18, 41, 147, 33, 35, 18, 19, 31, 12, 111, 87, 55, 192, 58, 89, 69, 313, 78, 106, 27, 94, 48, 50, 100, 80, 110, 72, 174, 74, 118]
real: 2490 [97, 83, 17, 52, 117, 35, 32, 18, 18, 21, 12, 100, 83, 60, 147, 64, 92, 62, 290, 68, 106, 30, 92, 43, 47, 95, 75, 115, 70, 167, 71, 111]

grid_scale: 0.35
resize_scale: 0.5
confiance: 0.45

random_seed: 1011
data_augmentation: False
samples: 32
