MAE: 4.630769230769231 [6, 9, 2, 2, 3, 1, 0, 1, 2, 0, 5, 3, 5, 1, 1, 1, 4, 10, 3, 0, 3, 1, 2, 1, 3, 4, 1, 0, 0, 1, 4, 8, 2, 0, 0, 1, 1, 3, 1, 0, 5, 1, 35, 14, 7, 2, 1, 6, 6, 11, 3, 0, 6, 2, 2, 0, 0, 0, 7, 1, 3, 11, 4, 2, 14, 4, 6, 1, 2, 2, 4, 11, 8, 10, 12, 0, 1, 0, 5, 6, 17, 1, 1, 8, 13, 1, 2, 3, 2, 12, 8, 7, 0, 2, 2, 11, 2, 4, 4, 1, 6, 7, 13, 7, 17, 21, 20, 2, 1, 1, 19, 2, 2, 2, 1, 0, 4, 2, 2, 4, 3, 2, 5, 7, 9, 2, 10, 16, 1, 3]
MAPE: 6.044233922471573 [9.375, 9.090909090909092, 2.083333333333333, 1.7699115044247788, 2.479338842975207, 1.0752688172043012, 0.0, 1.0752688172043012, 2.083333333333333, 0.0, 4.0650406504065035, 2.459016393442623, 3.937007874015748, 0.8, 2.0408163265306123, 1.7857142857142856, 6.896551724137931, 8.064516129032258, 4.0, 0.0, 4.918032786885246, 2.5, 2.73972602739726, 5.263157894736842, 10.344827586206897, 5.633802816901409, 2.083333333333333, 0.0, 0.0, 3.125, 10.81081081081081, 12.307692307692308, 2.898550724637681, 0.0, 0.0, 2.4390243902439024, 3.8461538461538463, 3.79746835443038, 3.8461538461538463, 0.0, 6.41025641025641, 2.0408163265306123, 29.66101694915254, 7.567567567567568, 7.368421052631578, 3.508771929824561, 1.0526315789473684, 12.76595744680851, 7.4074074074074066, 4.932735426008969, 3.0, 0.0, 5.88235294117647, 1.4705882352941175, 2.0618556701030926, 0.0, 0.0, 0.0, 9.210526315789473, 3.8461538461538463, 3.225806451612903, 9.649122807017543, 2.380952380952381, 2.4096385542168677, 5.833333333333333, 5.263157894736842, 10.344827586206897, 1.7241379310344827, 0.8547008547008548, 4.25531914893617, 6.557377049180328, 23.404255319148938, 4.761904761904762, 4.926108374384237, 5.660377358490567, 0.0, 1.5384615384615385, 0.0, 12.195121951219512, 4.761904761904762, 94.44444444444444, 2.857142857142857, 3.225806451612903, 14.545454545454545, 34.21052631578947, 1.9607843137254901, 5.555555555555555, 3.571428571428571, 2.0408163265306123, 8.108108108108109, 16.666666666666664, 8.333333333333332, 0.0, 4.3478260869565215, 2.631578947368421, 11.458333333333332, 1.1976047904191618, 8.695652173913043, 8.333333333333332, 0.9345794392523363, 11.11111111111111, 12.068965517241379, 7.784431137724551, 5.072463768115942, 9.826589595375722, 10.396039603960396, 15.267175572519085, 2.7027027027027026, 2.3255813953488373, 1.7857142857142856, 17.272727272727273, 4.651162790697675, 12.5, 8.695652173913043, 2.564102564102564, 0.0, 8.0, 2.4691358024691357, 5.128205128205128, 13.333333333333334, 4.411764705882353, 4.3478260869565215, 4.201680672268908, 5.223880597014925, 3.3582089552238807, 3.7037037037037033, 3.802281368821293, 5.714285714285714, 3.4482758620689653, 3.896103896103896]
RMSE: 7.088452147412286
grid_scale: 0.4
resize_scale: 0.5
confiance: 0.5

random_seed: 1011
data_augmentation: True
samples: all
total_pred: 10611
total_real: 11073
