MAE: 8.584615384615384 [19, 6, 9, 12, 9, 7, 10, 6, 4, 6, 14, 6, 4, 1, 10, 7, 11, 12, 5, 7, 11, 11, 10, 6, 11, 9, 12, 4, 3, 2, 0, 2, 17, 0, 3, 6, 1, 11, 8, 10, 3, 4, 9, 4, 4, 2, 9, 1, 16, 10, 7, 17, 5, 18, 6, 3, 0, 0, 8, 4, 1, 30, 9, 6, 21, 2, 0, 4, 26, 15, 20, 4, 16, 15, 17, 9, 3, 7, 2, 10, 17, 6, 1, 0, 11, 6, 4, 4, 10, 12, 0, 5, 7, 7, 5, 7, 8, 2, 3, 12, 1, 6, 25, 23, 18, 5, 4, 14, 2, 8, 1, 13, 1, 3, 0, 11, 3, 17, 6, 2, 15, 4, 10, 9, 30, 8, 20, 74, 3, 4]
MAPE: 11.413664322894562 [29.6875, 6.0606060606060606, 9.375, 10.619469026548673, 7.43801652892562, 7.526881720430108, 10.989010989010989, 6.451612903225806, 4.166666666666666, 5.0, 11.38211382113821, 4.918032786885246, 3.149606299212598, 0.8, 20.408163265306122, 12.5, 18.96551724137931, 9.67741935483871, 6.666666666666667, 15.909090909090908, 18.0327868852459, 27.500000000000004, 13.698630136986301, 31.57894736842105, 37.93103448275862, 12.676056338028168, 25.0, 15.384615384615385, 9.375, 6.25, 0.0, 3.076923076923077, 24.637681159420293, 0.0, 10.0, 14.634146341463413, 3.8461538461538463, 13.924050632911392, 30.76923076923077, 20.408163265306122, 3.8461538461538463, 8.16326530612245, 7.627118644067797, 2.1621621621621623, 4.2105263157894735, 3.508771929824561, 9.473684210526317, 2.127659574468085, 19.753086419753085, 4.484304932735426, 7.000000000000001, 16.666666666666664, 4.901960784313726, 13.23529411764706, 6.185567010309279, 6.976744186046512, 0.0, 0.0, 10.526315789473683, 15.384615384615385, 1.0752688172043012, 26.31578947368421, 5.357142857142857, 7.228915662650602, 8.75, 2.631578947368421, 0.0, 6.896551724137931, 11.11111111111111, 31.914893617021278, 32.78688524590164, 8.51063829787234, 9.523809523809524, 7.389162561576355, 8.018867924528301, 12.5, 4.615384615384616, 12.280701754385964, 4.878048780487805, 7.936507936507936, 94.44444444444444, 17.142857142857142, 3.225806451612903, 0.0, 28.947368421052634, 11.76470588235294, 11.11111111111111, 4.761904761904762, 10.204081632653061, 8.108108108108109, 0.0, 5.952380952380952, 14.583333333333334, 15.217391304347828, 6.578947368421052, 7.291666666666667, 4.790419161676647, 4.3478260869565215, 6.25, 11.214953271028037, 1.8518518518518516, 10.344827586206897, 14.97005988023952, 16.666666666666664, 10.404624277456648, 2.4752475247524752, 3.0534351145038165, 18.91891891891892, 4.651162790697675, 14.285714285714285, 0.9090909090909091, 30.23255813953488, 6.25, 13.043478260869565, 0.0, 22.916666666666664, 6.0, 20.98765432098765, 15.384615384615385, 6.666666666666667, 22.058823529411764, 8.695652173913043, 8.403361344537815, 6.7164179104477615, 11.194029850746269, 14.814814814814813, 7.604562737642586, 26.42857142857143, 10.344827586206897, 5.194805194805195]
RMSE: 12.145907826221839
grid_scale: 0.3
resize_scale: 0.5
confiance: 0.3

random_seed: 1011
data_augmentation: True
samples: all
total_pred: 12009
total_real: 11073
