MAE: 5.6923076923076925
MAPE: 8.15480434768058
RMSE: 7.248341985479268
grid_scale: 0.3
resize_scale: 0.5
confiance: 0.55

random_seed: 1011
data_augmentation: False
samples: all
total_pred: 11759
total_real: 11073
