MAE: 22.753846153846155
MAPE: 38.44070151124468
RMSE: 40.55689261348234
grid_scale: 0.2
resize_scale: 0.5
confiance: 0.5

random_seed: 1011
data_augmentation: False
samples: all
total_pred: 13841
total_real: 11073
