MAE: 6.3307692307692305
MAPE: 8.258642503838077
RMSE: 8.058917659720432
grid_scale: 0.2
resize_scale: 0.5
confiance: 0.6

random_seed: 1011
data_augmentation: False
samples: all
total_pred: 11830
total_real: 11073
