MAE: 43.86153846153846
MAPE: 53.902791543695606
RMSE: 51.842512997019675
grid_scale: 0.25
resize_scale: 0.5
confiance: 0.65

random_seed: 1011
data_augmentation: False
samples: all
total_pred: 5371
total_real: 11073
