MAE: 9.384615384615385
MAPE: 14.312466421385928
RMSE: 14.674939391828715
grid_scale: 0.25
resize_scale: 0.5
confiance: 0.85

random_seed: 1011
data_augmentation: False
samples: all
total_pred: 10503
total_real: 11073
