MAE: 58.8
MAPE: 65.76760650815295
RMSE: 76.18843037546398
grid_scale: 0.35
resize_scale: 0.5
confiance: 0.55

random_seed: 1011
data_augmentation: False
samples: all
total_pred: 3429
total_real: 11073
