MAE: 4.130769230769231
MAPE: 4.813768143313498
RMSE: 7.1688428419311645
grid_scale: 0.45
resize_scale: 0.5
confiance: 0.65

random_seed: 1011
data_augmentation: False
samples: all
total_pred: 10678
total_real: 11073
