MAE: 63.46923076923077
MAPE: 67.51282126627935
RMSE: 84.72720932498603
grid_scale: 0.4
resize_scale: 0.5
confiance: 0.55

random_seed: 1011
data_augmentation: False
samples: all
total_pred: 2822
total_real: 11073
