MAE: 71.54615384615384
MAPE: 83.76574837600768
RMSE: 87.19046348699452
grid_scale: 0.3
resize_scale: 0.5
confiance: 0.6

random_seed: 1011
data_augmentation: False
samples: all
total_pred: 1772
total_real: 11073
