MAE: 19.746153846153845
MAPE: 21.822735981661378
RMSE: 29.513882001004728
grid_scale: 0.5
resize_scale: 0.5
confiance: 0.8

random_seed: 1011
data_augmentation: False
samples: all
total_pred: 8658
total_real: 11073
