MAE: 15.653846153846153
MAPE: 26.010216392789765
RMSE: 28.964832788427046
grid_scale: 0.25
resize_scale: 0.5
confiance: 0.5

random_seed: 1011
data_augmentation: False
samples: all
total_pred: 12958
total_real: 11073
