MAE: 59.91538461538462
MAPE: 64.37843534764335
RMSE: 78.53823174832654
grid_scale: 0.5
resize_scale: 0.5
confiance: 0.6

random_seed: 1011
data_augmentation: False
samples: all
total_pred: 3284
total_real: 11073
