MAE: 12.553846153846154
MAPE: 16.492044539244993
RMSE: 18.083566700609275
grid_scale: 0.5
resize_scale: 0.5
confiance: 0.65

random_seed: 1011
data_augmentation: False
samples: all
total_pred: 10637
total_real: 11073
