MAE: 10.915384615384616
MAPE: 16.94237730401657
RMSE: 17.000678719482845
grid_scale: 0.4
resize_scale: 0.5
confiance: 0.5

random_seed: 1011
data_augmentation: False
samples: all
total_pred: 12010
total_real: 11073
