MAE: 75.4
MAPE: 85.06876609827123
RMSE: 93.84725724445916
grid_scale: 0.45
resize_scale: 0.5
confiance: 0.75

random_seed: 1011
data_augmentation: False
samples: all
total_pred: 1271
total_real: 11073
