MAE: 84.23846153846154
MAPE: 98.40092906038164
RMSE: 101.32389041697307
grid_scale: 0.4
resize_scale: 0.5
confiance: 0.85

random_seed: 1011
data_augmentation: False
samples: all
total_pred: 122
total_real: 11073
