MAE: 8.053846153846154
MAPE: 11.559087598331217
RMSE: 11.17035912927257
grid_scale: 0.35
resize_scale: 0.5
confiance: 0.75

random_seed: 1011
data_augmentation: False
samples: all
total_pred: 10642
total_real: 11073
