MAE: 3.123076923076923
MAPE: 4.550129906609639
RMSE: 4.171330722922842
grid_scale: 0.4
resize_scale: 0.5
confiance: 0.6

random_seed: 1011
data_augmentation: False
samples: all
total_pred: 11139
total_real: 11073
