MAE: 2.7615384615384615
MAPE: 4.184127256528846
RMSE: 3.7508973285376355
grid_scale: 0.25
resize_scale: 0.5
confiance: 0.7

random_seed: 1011
data_augmentation: False
samples: all
total_pred: 11014
total_real: 11073
