MAE: 3.453846153846154
MAPE: 4.5142127393297296
RMSE: 5.10881590977792
grid_scale: 0.4
resize_scale: 0.5
confiance: 0.65

random_seed: 1011
data_augmentation: False
samples: all
total_pred: 10898
total_real: 11073
