MAE: 19.646153846153847
MAPE: 21.461869714750854
RMSE: 27.857052690752923
grid_scale: 0.45
resize_scale: 0.5
confiance: 0.85

random_seed: 1011
data_augmentation: False
samples: all
total_pred: 8613
total_real: 11073
