MAE: 7.507692307692308
MAPE: 7.9833104660984855
RMSE: 11.700756057097008
grid_scale: 0.35
resize_scale: 0.5
confiance: 0.75

random_seed: 1011
data_augmentation: False
samples: all
total_pred: 10137
total_real: 11073
