MAE: 50.13076923076923
MAPE: 62.53363487439167
RMSE: 60.50943982299215
grid_scale: 0.25
resize_scale: 0.5
confiance: 0.5

random_seed: 1011
data_augmentation: False
samples: all
total_pred: 4556
total_real: 11073
