MAE: 6.1
MAPE: 6.361297478163206
RMSE: 10.749239686887341
grid_scale: 0.45
resize_scale: 0.5
confiance: 0.7

random_seed: 1011
data_augmentation: False
samples: all
total_pred: 10336
total_real: 11073
