MAE: 9.96923076923077
MAPE: 16.15040702280688
RMSE: 17.26624096099313
grid_scale: 0.3
resize_scale: 0.5
confiance: 0.6

random_seed: 1011
data_augmentation: False
samples: all
total_pred: 11997
total_real: 11073
