MAE: 77.43076923076923
MAPE: 90.08398878390963
RMSE: 93.44508877081029
grid_scale: 0.45
resize_scale: 0.5
confiance: 0.85

random_seed: 1011
data_augmentation: False
samples: all
total_pred: 1007
total_real: 11073
