MAE: 7.2
MAPE: 10.013499854308344
RMSE: 8.988026222959931
grid_scale: 0.3
resize_scale: 0.5
confiance: 0.5

random_seed: 1011
data_augmentation: False
samples: all
total_pred: 11967
total_real: 11073
