MAE: 74.17692307692307
MAPE: 82.57175246248372
RMSE: 93.6427335059242
grid_scale: 0.4
resize_scale: 0.5
confiance: 0.6

random_seed: 1011
data_augmentation: False
samples: all
total_pred: 1430
total_real: 11073
