MAE: 85.1
MAPE: 99.93871150388551
RMSE: 101.8990073175774
grid_scale: 0.2
resize_scale: 0.5
confiance: 0.7

random_seed: 1011
data_augmentation: False
samples: all
total_pred: 10
total_real: 11073
