MAE: 69.26923076923077
MAPE: 82.99517136354714
RMSE: 81.30980639126264
grid_scale: 0.25
resize_scale: 0.5
confiance: 0.85

random_seed: 1011
data_augmentation: False
samples: all
total_pred: 2068
total_real: 11073
