MAE: 7.638461538461539
MAPE: 12.276534843705518
RMSE: 11.900549437865335
grid_scale: 0.35
resize_scale: 0.5
confiance: 0.65

random_seed: 1011
data_augmentation: False
samples: all
total_pred: 11302
total_real: 11073
