MAE: 84.83076923076923
MAPE: 99.55923748582127
RMSE: 101.6594617035038
grid_scale: 0.3
resize_scale: 0.5
confiance: 0.7

random_seed: 1011
data_augmentation: False
samples: all
total_pred: 45
total_real: 11073
