MAE: 55.13076923076923
MAPE: 55.07766313577145
RMSE: 78.28925655738271
grid_scale: 0.45
resize_scale: 0.5
confiance: 0.5

random_seed: 1011
data_augmentation: False
samples: all
total_pred: 3906
total_real: 11073
