MAE: 14.653846153846153
MAPE: 13.835902225604992
RMSE: 24.212361750528625
grid_scale: 0.5
resize_scale: 0.5
confiance: 0.75

random_seed: 1011
data_augmentation: False
samples: all
total_pred: 9176
total_real: 11073
