MAE: 41.80769230769231
MAPE: 47.17341035421253
RMSE: 53.145591032124635
grid_scale: 0.35
resize_scale: 0.5
confiance: 0.6

random_seed: 1011
data_augmentation: False
samples: all
total_pred: 5638
total_real: 11073
