MAE: 36.16923076923077
MAPE: 42.79530702529688
RMSE: 48.549895032763025
grid_scale: 0.3
resize_scale: 0.5
confiance: 0.45

random_seed: 1011
data_augmentation: False
samples: all
total_pred: 6371
total_real: 11073
