MAE: 10.96923076923077
MAPE: 14.08133386970233
RMSE: 15.893878841094285
grid_scale: 0.4
resize_scale: 0.5
confiance: 0.75

random_seed: 1011
data_augmentation: False
samples: all
total_pred: 10085
total_real: 11073
