MAE: 70.07692307692308
MAPE: 83.30871261037736
RMSE: 83.0665164422233
grid_scale: 0.3
resize_scale: 0.5
confiance: 0.85

random_seed: 1011
data_augmentation: False
samples: all
total_pred: 1963
total_real: 11073
