MAE: 11.23076923076923
MAPE: 19.414049203564005
RMSE: 22.023064832474716
grid_scale: 0.25
resize_scale: 0.5
confiance: 0.65

random_seed: 1011
data_augmentation: False
samples: all
total_pred: 12205
total_real: 11073
