MAE: 77.54615384615384
MAPE: 86.63390889916747
RMSE: 96.71269903092434
grid_scale: 0.5
resize_scale: 0.5
confiance: 0.6

random_seed: 1011
data_augmentation: False
samples: all
total_pred: 992
total_real: 11073
