MAE: 16.7
MAPE: 21.845557893195746
RMSE: 24.084626440308988
grid_scale: 0.5
resize_scale: 0.5
confiance: 0.5

random_seed: 1011
data_augmentation: False
samples: all
total_pred: 12476
total_real: 11073
