MAE: 9.484615384615385
MAPE: 15.216037234914959
RMSE: 14.490049636268967
grid_scale: 0.4
resize_scale: 0.5
confiance: 0.55

random_seed: 1011
data_augmentation: False
samples: all
total_pred: 11624
total_real: 11073
