MAE: 65.91538461538461
MAPE: 69.07316925472318
RMSE: 88.1835934505175
grid_scale: 0.45
resize_scale: 0.5
confiance: 0.55

random_seed: 1011
data_augmentation: False
samples: all
total_pred: 2504
total_real: 11073
