MAE: 41.66153846153846
MAPE: 53.728401965822435
RMSE: 48.03348191225975
grid_scale: 0.2
resize_scale: 0.5
confiance: 0.6

random_seed: 1011
data_augmentation: False
samples: all
total_pred: 5657
total_real: 11073
