MAE: 82.65384615384616
MAPE: 95.44803464464184
RMSE: 100.23153963928489
grid_scale: 0.5
resize_scale: 0.5
confiance: 0.65

random_seed: 1011
data_augmentation: False
samples: all
total_pred: 328
total_real: 11073
