MAE: 10.484615384615385
MAPE: 13.342798222664348
RMSE: 12.822156304915811
grid_scale: 0.2
resize_scale: 0.5
confiance: 0.5

random_seed: 1011
data_augmentation: False
samples: all
total_pred: 12404
total_real: 11073
