MAE: 80.54615384615384
MAPE: 93.72284803313056
RMSE: 97.6430311822689
grid_scale: 0.35
resize_scale: 0.5
confiance: 0.65

random_seed: 1011
data_augmentation: False
samples: all
total_pred: 602
total_real: 11073
