MAE: 22.661538461538463
MAPE: 27.483043978319447
RMSE: 27.543531978418343
grid_scale: 0.2
resize_scale: 0.5
confiance: 0.8

random_seed: 1011
data_augmentation: False
samples: all
total_pred: 8127
total_real: 11073
