MAE: 12.592307692307692
MAPE: 21.91808190494514
RMSE: 24.799038442897494
grid_scale: 0.2
resize_scale: 0.5
confiance: 0.8

random_seed: 1011
data_augmentation: False
samples: all
total_pred: 11406
total_real: 11073
