MAE: 4.053846153846154
MAPE: 5.663114641845246
RMSE: 5.491952153973891
grid_scale: 0.2
resize_scale: 0.5
confiance: 0.65

random_seed: 1011
data_augmentation: False
samples: all
total_pred: 11478
total_real: 11073
