MAE: 75.79230769230769
MAPE: 88.50678534059703
RMSE: 91.1617750527557
grid_scale: 0.4
resize_scale: 0.5
confiance: 0.85

random_seed: 1011
data_augmentation: False
samples: all
total_pred: 1220
total_real: 11073
