MAE: 13.553846153846154
MAPE: 16.074434205353512
RMSE: 19.723862938855795
grid_scale: 0.4
resize_scale: 0.5
confiance: 0.8

random_seed: 1011
data_augmentation: False
samples: all
total_pred: 9615
total_real: 11073
