MAE: 20.73076923076923
MAPE: 35.45977493964386
RMSE: 37.98248584241467
grid_scale: 0.2
resize_scale: 0.5
confiance: 0.55

random_seed: 1011
data_augmentation: False
samples: all
total_pred: 13514
total_real: 11073
