MAE: 3.476923076923077
MAPE: 4.436626437779035
RMSE: 5.41081538004422
grid_scale: 0.35
resize_scale: 0.5
confiance: 0.7

random_seed: 1011
data_augmentation: False
samples: all
total_pred: 10791
total_real: 11073
