MAE: 82.26153846153846
MAPE: 94.65998664701576
RMSE: 100.17423282998938
grid_scale: 0.45
resize_scale: 0.5
confiance: 0.65

random_seed: 1011
data_augmentation: False
samples: all
total_pred: 379
total_real: 11073
