MAE: 3.2846153846153845
MAPE: 5.055770908595778
RMSE: 4.650062034325663
grid_scale: 0.45
resize_scale: 0.5
confiance: 0.5

random_seed: 1011
data_augmentation: False
samples: all
total_pred: 11264
total_real: 11073
