MAE: 41.238461538461536
MAPE: 40.76943952498321
RMSE: 61.828360433106695
grid_scale: 0.4
resize_scale: 0.5
confiance: 0.45

random_seed: 1011
data_augmentation: False
samples: all
total_pred: 5718
total_real: 11073
