MAE: 11.661538461538461
MAPE: 11.712969134004403
RMSE: 19.058614042756865
grid_scale: 0.45
resize_scale: 0.5
confiance: 0.75

random_seed: 1011
data_augmentation: False
samples: all
total_pred: 9567
total_real: 11073
