MAE: 20.523076923076925
MAPE: 24.774407238554545
RMSE: 25.130122899084217
grid_scale: 0.3
resize_scale: 0.5
confiance: 0.45

random_seed: 1011
data_augmentation: False
samples: all
total_pred: 8405
total_real: 11073
