MAE: 78.6
MAPE: 94.22132170339559
RMSE: 92.54271363080859
grid_scale: 0.2
resize_scale: 0.5
confiance: 0.6

random_seed: 1011
data_augmentation: False
samples: all
total_pred: 855
total_real: 11073
