MAE: 59.03846153846154
MAPE: 69.65119023310889
RMSE: 73.13996066552022
grid_scale: 0.3
resize_scale: 0.5
confiance: 0.55

random_seed: 1011
data_augmentation: False
samples: all
total_pred: 3398
total_real: 11073
