MAE: 8.738461538461538
MAPE: 14.23370930128681
RMSE: 13.063160178385392
grid_scale: 0.4
resize_scale: 0.5
confiance: 0.6

random_seed: 1011
data_augmentation: False
samples: all
total_pred: 11241
total_real: 11073
