MAE: 3.4692307692307693
MAPE: 5.371321007845871
RMSE: 4.621854439674454
grid_scale: 0.35
resize_scale: 0.5
confiance: 0.6

random_seed: 1011
data_augmentation: False
samples: all
total_pred: 11370
total_real: 11073
