MAE: 9.615384615384615
MAPE: 9.7197127566463
RMSE: 15.263329609532475
grid_scale: 0.4
resize_scale: 0.5
confiance: 0.75

random_seed: 1011
data_augmentation: False
samples: all
total_pred: 9839
total_real: 11073
