MAE: 8.638461538461538
MAPE: 12.208811656658133
RMSE: 12.674929828359847
grid_scale: 0.45
resize_scale: 0.5
confiance: 0.65

random_seed: 1011
data_augmentation: False
samples: all
total_pred: 10942
total_real: 11073
