MAE: 22.153846153846153
MAPE: 24.203686651269255
RMSE: 29.92246390513064
grid_scale: 0.35
resize_scale: 0.5
confiance: 0.8

random_seed: 1011
data_augmentation: False
samples: all
total_pred: 8193
total_real: 11073
