MAE: 7.630769230769231
MAPE: 11.79862077148293
RMSE: 11.764352935882194
grid_scale: 0.3
resize_scale: 0.5
confiance: 0.8

random_seed: 1011
data_augmentation: False
samples: all
total_pred: 10757
total_real: 11073
