MAE: 20.161538461538463
MAPE: 23.799535658163972
RMSE: 25.406086490627217
grid_scale: 0.25
resize_scale: 0.5
confiance: 0.8

random_seed: 1011
data_augmentation: False
samples: all
total_pred: 8452
total_real: 11073
