MAE: 4.4
MAPE: 6.452469463610309
RMSE: 5.761944116355173
grid_scale: 0.35
resize_scale: 0.5
confiance: 0.55

random_seed: 1011
data_augmentation: False
samples: all
total_pred: 11571
total_real: 11073
