MAE: 23.753846153846155
MAPE: 32.788709017141706
RMSE: 28.39555761572032
grid_scale: 0.2
resize_scale: 0.5
confiance: 0.45

random_seed: 1011
data_augmentation: False
samples: all
total_pred: 8001
total_real: 11073
