MAE: 3.4846153846153847
MAPE: 5.35405467808436
RMSE: 4.591798709069833
grid_scale: 0.4
resize_scale: 0.5
confiance: 0.55

random_seed: 1011
data_augmentation: False
samples: all
total_pred: 11330
total_real: 11073
