MAE: 85.16923076923077
MAPE: 99.95951417004049
RMSE: 102.01297051770501
grid_scale: 0.5
resize_scale: 0.5
confiance: 0.75

random_seed: 1011
data_augmentation: False
samples: all
total_pred: 1
total_real: 11073
