MAE: 10.846153846153847
MAPE: 16.165503421736794
RMSE: 18.810798862519206
grid_scale: 0.35
resize_scale: 0.5
confiance: 0.5

random_seed: 1011
data_augmentation: False
samples: all
total_pred: 12197
total_real: 11073
