MAE: 3.0846153846153848
MAPE: 4.481948330173069
RMSE: 4.39317652729776
grid_scale: 0.3
resize_scale: 0.5
confiance: 0.7

random_seed: 1011
data_augmentation: False
samples: all
total_pred: 10904
total_real: 11073
