MAE: 75.66153846153846
MAPE: 83.49098747217585
RMSE: 95.61670275717441
grid_scale: 0.45
resize_scale: 0.5
confiance: 0.6

random_seed: 1011
data_augmentation: False
samples: all
total_pred: 1237
total_real: 11073
