MAE: 4.253846153846154
MAPE: 6.416399997590464
RMSE: 5.638466785599405
grid_scale: 0.3
resize_scale: 0.5
confiance: 0.6

random_seed: 1011
data_augmentation: False
samples: all
total_pred: 11530
total_real: 11073
