MAE: 10.415384615384616
MAPE: 13.427389490533725
RMSE: 12.720062892926277
grid_scale: 0.25
resize_scale: 0.5
confiance: 0.45

random_seed: 1011
data_augmentation: False
samples: all
total_pred: 12423
total_real: 11073
