MAE: 3.3692307692307693
MAPE: 4.337446338665482
RMSE: 5.336377336444929
grid_scale: 0.45
resize_scale: 0.5
confiance: 0.6

random_seed: 1011
data_augmentation: False
samples: all
total_pred: 10907
total_real: 11073
