MAE: 84.63076923076923
MAPE: 99.29913662770419
RMSE: 101.46594730025666
grid_scale: 0.35
resize_scale: 0.5
confiance: 0.7

random_seed: 1011
data_augmentation: False
samples: all
total_pred: 71
total_real: 11073
