MAE: 3.4692307692307693
MAPE: 5.178013945211106
RMSE: 4.3597812224574195
grid_scale: 0.25
resize_scale: 0.5
confiance: 0.65

random_seed: 1011
data_augmentation: False
samples: all
total_pred: 11374
total_real: 11073
