MAE: 6.569230769230769
MAPE: 7.785308864876996
RMSE: 9.520019392352582
grid_scale: 0.3
resize_scale: 0.5
confiance: 0.75

random_seed: 1011
data_augmentation: False
samples: all
total_pred: 10233
total_real: 11073
