MAE: 3.3615384615384616
MAPE: 4.59424098411489
RMSE: 4.727171865518943
grid_scale: 0.5
resize_scale: 0.5
confiance: 0.5

random_seed: 1011
data_augmentation: False
samples: all
total_pred: 11160
total_real: 11073
