MAE: 78.48461538461538
MAPE: 90.99706782908747
RMSE: 95.01348082488893
grid_scale: 0.5
resize_scale: 0.5
confiance: 0.85

random_seed: 1011
data_augmentation: False
samples: all
total_pred: 870
total_real: 11073
