MAE: 55.284615384615385
MAPE: 60.59100428235158
RMSE: 71.76012391722428
grid_scale: 0.4
resize_scale: 0.5
confiance: 0.65

random_seed: 1011
data_augmentation: False
samples: all
total_pred: 3886
total_real: 11073
