MAE: 18.615384615384617 [4, 14, 53, 2, 28, 0, 3, 3, 18, 1, 47, 18, 51]
MAPE: 24.275606537389216 [17.391304347826086, 5.0, 55.208333333333336, 4.651162790697675, 16.766467065868262, 0.0, 6.122448979591836, 4.0, 47.368421052631575, 2.272727272727273, 17.870722433460077, 100.0, 38.93129770992366]
RMSE: 26.726535359221035
grid_scale: 0.5
resize_scale: 0.5
confiance: 0.55

random_seed: 1011
data_augmentation: True
samples: 13
total_pred: 1014
total_real: 1256
