MAE: 2.6923076923076925 [3, 7, 1, 6, 1, 1, 4, 1, 2, 3, 2, 3, 1]
MAPE: 3.804121581881428 [6.521739130434782, 2.9166666666666665, 1.0752688172043012, 4.580152671755725, 1.7543859649122806, 4.3478260869565215, 2.3952095808383236, 1.2987012987012987, 3.4482758620689653, 8.108108108108109, 6.666666666666667, 4.166666666666666, 2.1739130434782608]
RMSE: 3.2933499428627147
grid_scale: 0.35
resize_scale: 0.5
confiance: 0.4

random_seed: 1011
data_augmentation: True
samples: 13
total_pred: 1092
total_real: 1077
