MAE: 5.0 [4, 12, 7, 4, 4, 2, 12, 6, 2, 1, 1, 8, 2]
MAPE: 6.146942359484964 [8.695652173913043, 5.0, 7.526881720430108, 3.0534351145038165, 7.017543859649122, 8.695652173913043, 7.18562874251497, 7.792207792207792, 3.4482758620689653, 2.7027027027027026, 3.3333333333333335, 11.11111111111111, 4.3478260869565215]
RMSE: 6.195531888757848
grid_scale: 0.35
resize_scale: 0.5
confiance: 0.35

random_seed: 1011
data_augmentation: True
samples: 13
total_pred: 1136
total_real: 1077
