MAE: 3.8461538461538463 [0, 9, 6, 17, 0, 1, 8, 0, 0, 0, 2, 1, 6]
MAPE: 4.10892240037887 [0.0, 3.75, 6.451612903225806, 12.977099236641221, 0.0, 4.3478260869565215, 4.790419161676647, 0.0, 0.0, 0.0, 6.666666666666667, 1.3888888888888888, 13.043478260869565]
RMSE: 6.275716324421889
grid_scale: 0.35
resize_scale: 0.5
confiance: 0.55

random_seed: 1011
data_augmentation: True
samples: 13
total_pred: 1027
total_real: 1077
