MAE: 7.538461538461538 [2, 15, 6, 27, 5, 1, 15, 10, 7, 0, 3, 2, 5]
MAPE: 8.343479950166783 [4.3478260869565215, 6.25, 6.451612903225806, 20.610687022900763, 8.771929824561402, 4.3478260869565215, 8.982035928143713, 12.987012987012985, 12.068965517241379, 0.0, 10.0, 2.7777777777777777, 10.869565217391305]
RMSE: 10.49542024665264
grid_scale: 0.35
resize_scale: 0.5
confiance: 0.55

random_seed: 1011
data_augmentation: True
samples: 13
total_pred: 979
total_real: 1077
