MAE: 19.46153846153846 [9, 43, 42, 40, 13, 6, 26, 24, 17, 6, 7, 8, 12]
MAPE: 24.22055038811191 [19.565217391304348, 17.916666666666668, 45.16129032258064, 30.53435114503817, 22.807017543859647, 26.08695652173913, 15.568862275449103, 31.16883116883117, 29.310344827586203, 16.216216216216218, 23.333333333333332, 11.11111111111111, 26.08695652173913]
RMSE: 23.750303641783677
grid_scale: 0.3
resize_scale: 0.5
confiance: 0.6

random_seed: 1011
data_augmentation: True
samples: 13
total_pred: 824
total_real: 1077
