MAE: 10.846153846153847 [6, 30, 11, 28, 3, 5, 18, 11, 9, 3, 5, 2, 10]
MAPE: 13.509296242099639 [13.043478260869565, 12.5, 11.827956989247312, 21.374045801526716, 5.263157894736842, 21.73913043478261, 10.778443113772456, 14.285714285714285, 15.517241379310345, 8.108108108108109, 16.666666666666664, 2.7777777777777777, 21.73913043478261]
RMSE: 13.975252853086142
grid_scale: 0.35
resize_scale: 0.5
confiance: 0.6

random_seed: 1011
data_augmentation: True
samples: 13
total_pred: 936
total_real: 1077
