MAE: 10.615384615384615 [4, 24, 16, 25, 10, 3, 16, 12, 6, 2, 3, 3, 14]
MAPE: 13.160630523043581 [8.695652173913043, 10.0, 17.20430107526882, 19.083969465648856, 17.543859649122805, 13.043478260869565, 9.580838323353294, 15.584415584415584, 10.344827586206897, 5.405405405405405, 10.0, 4.166666666666666, 30.434782608695656]
RMSE: 13.114877048604
grid_scale: 0.35
resize_scale: 0.5
confiance: 0.55

random_seed: 1011
data_augmentation: True
samples: 13
total_pred: 939
total_real: 1077
