MAE: 4.3076923076923075 [3, 18, 4, 1, 1, 0, 12, 1, 1, 5, 3, 6, 1]
MAPE: 5.005368231182006 [6.521739130434782, 7.5, 4.301075268817205, 0.7633587786259541, 1.7543859649122806, 0.0, 7.18562874251497, 1.2987012987012987, 1.7241379310344827, 13.513513513513514, 10.0, 8.333333333333332, 2.1739130434782608]
RMSE: 6.610015710443334
grid_scale: 0.3
resize_scale: 0.5
confiance: 0.4

random_seed: 1011
data_augmentation: True
samples: 13
total_pred: 1129
total_real: 1077
