MAE: 2.0 [1, 4, 1, 5, 0, 1, 0, 1, 1, 4, 2, 3, 3]
MAPE: 3.405322385519248 [2.1739130434782608, 1.6666666666666667, 1.0752688172043012, 3.816793893129771, 0.0, 4.3478260869565215, 0.0, 1.2987012987012987, 1.7241379310344827, 10.81081081081081, 6.666666666666667, 4.166666666666666, 6.521739130434782]
RMSE: 2.54195563720897
grid_scale: 0.4
resize_scale: 0.5
confiance: 0.35

random_seed: 1011
data_augmentation: True
samples: 13
total_pred: 1087
total_real: 1077
