MAE: 2.6923076923076925 [0, 0, 1, 12, 3, 1, 8, 5, 0, 0, 0, 3, 2]
MAPE: 3.0496135808627263 [0.0, 0.0, 1.0752688172043012, 9.16030534351145, 5.263157894736842, 4.3478260869565215, 4.790419161676647, 6.493506493506493, 0.0, 0.0, 0.0, 4.166666666666666, 4.3478260869565215]
RMSE: 4.44626031280567
grid_scale: 0.5
resize_scale: 0.5
confiance: 0.35

random_seed: 1011
data_augmentation: True
samples: 13
total_pred: 1058
total_real: 1077
