MAE: 3.923076923076923 [6, 16, 1, 0, 0, 1, 11, 3, 2, 2, 0, 9, 0]
MAPE: 4.3822962571215935 [13.043478260869565, 6.666666666666667, 1.0752688172043012, 0.0, 0.0, 4.3478260869565215, 6.58682634730539, 3.896103896103896, 3.4482758620689653, 5.405405405405405, 0.0, 12.5, 0.0]
RMSE: 6.281841964069015
grid_scale: 0.3
resize_scale: 0.5
confiance: 0.35

random_seed: 1011
data_augmentation: True
samples: 13
total_pred: 1120
total_real: 1077
