MAE: 6.3076923076923075 [3, 13, 7, 18, 3, 1, 18, 4, 8, 0, 6, 0, 1]
MAPE: 7.288999562678759 [6.521739130434782, 5.416666666666667, 7.526881720430108, 13.740458015267176, 5.263157894736842, 4.3478260869565215, 10.778443113772456, 5.194805194805195, 13.793103448275861, 0.0, 20.0, 0.0, 2.1739130434782608]
RMSE: 8.779346392353082
grid_scale: 0.45
resize_scale: 0.5
confiance: 0.5

random_seed: 1011
data_augmentation: True
samples: 13
total_pred: 995
total_real: 1077
