MAE: 3.923076923076923 [4, 12, 2, 1, 2, 1, 11, 2, 0, 3, 3, 8, 2]
MAPE: 5.170570834970186 [8.695652173913043, 5.0, 2.1505376344086025, 0.7633587786259541, 3.508771929824561, 4.3478260869565215, 6.58682634730539, 2.5974025974025974, 0.0, 8.108108108108109, 10.0, 11.11111111111111, 4.3478260869565215]
RMSE: 5.413657941511664
grid_scale: 0.25
resize_scale: 0.5
confiance: 0.4

random_seed: 1011
data_augmentation: True
samples: 13
total_pred: 1122
total_real: 1077
