MAE: 12.615384615384615 [8, 27, 9, 38, 6, 4, 23, 13, 12, 3, 9, 1, 11]
MAPE: 16.153788080643057 [17.391304347826086, 11.25, 9.67741935483871, 29.00763358778626, 10.526315789473683, 17.391304347826086, 13.77245508982036, 16.883116883116884, 20.689655172413794, 8.108108108108109, 30.0, 1.3888888888888888, 23.91304347826087]
RMSE: 16.229128608296115
grid_scale: 0.4
resize_scale: 0.5
confiance: 0.55

random_seed: 1011
data_augmentation: True
samples: 13
total_pred: 913
total_real: 1077
