MAE: 3.3846153846153846 [6, 7, 2, 4, 2, 3, 4, 2, 6, 0, 0, 7, 1]
MAPE: 4.996149453637775 [13.043478260869565, 2.9166666666666665, 2.1505376344086025, 3.0534351145038165, 3.508771929824561, 13.043478260869565, 2.3952095808383236, 2.5974025974025974, 10.344827586206897, 0.0, 0.0, 9.722222222222223, 2.1739130434782608]
RMSE: 4.1509961733021665
grid_scale: 0.3
resize_scale: 0.5
confiance: 0.4

random_seed: 1011
data_augmentation: True
samples: 13
total_pred: 1101
total_real: 1077
