MAE: 3.8461538461538463 [2, 16, 1, 2, 2, 0, 8, 4, 1, 3, 1, 8, 2]
MAPE: 4.287307075763797 [4.3478260869565215, 6.666666666666667, 1.0752688172043012, 1.5267175572519083, 3.508771929824561, 0.0, 4.790419161676647, 5.194805194805195, 1.7241379310344827, 8.108108108108109, 3.3333333333333335, 11.11111111111111, 4.3478260869565215]
RMSE: 5.737863445837389
grid_scale: 0.5
resize_scale: 0.5
confiance: 0.3

random_seed: 1011
data_augmentation: True
samples: 13
total_pred: 1113
total_real: 1077
