MAE: 14.153846153846153 [8, 28, 16, 40, 8, 4, 27, 15, 13, 1, 10, 4, 10]
MAPE: 17.662747275609597 [17.391304347826086, 11.666666666666666, 17.20430107526882, 30.53435114503817, 14.035087719298245, 17.391304347826086, 16.16766467065868, 19.480519480519483, 22.413793103448278, 2.7027027027027026, 33.33333333333333, 5.555555555555555, 21.73913043478261]
RMSE: 17.81097328140069
grid_scale: 0.25
resize_scale: 0.5
confiance: 0.6

random_seed: 1011
data_augmentation: True
samples: 13
total_pred: 893
total_real: 1077
