MAE: 3.6923076923076925 [6, 13, 2, 10, 1, 0, 1, 2, 2, 1, 0, 7, 3]
MAPE: 4.276138555627501 [13.043478260869565, 5.416666666666667, 2.1505376344086025, 7.633587786259542, 1.7543859649122806, 0.0, 0.5988023952095809, 2.5974025974025974, 3.4482758620689653, 2.7027027027027026, 0.0, 9.722222222222223, 6.521739130434782]
RMSE: 5.3923022056375025
grid_scale: 0.25
resize_scale: 0.5
confiance: 0.45

random_seed: 1011
data_augmentation: True
samples: 13
total_pred: 1087
total_real: 1077
