MAE: 16.076923076923077 [5, 27, 31, 50, 7, 5, 34, 10, 10, 4, 9, 2, 15]
MAPE: 19.571202126649 [10.869565217391305, 11.25, 33.33333333333333, 38.16793893129771, 12.280701754385964, 21.73913043478261, 20.35928143712575, 12.987012987012985, 17.24137931034483, 10.81081081081081, 30.0, 2.7777777777777777, 32.608695652173914]
RMSE: 21.43146500610008
grid_scale: 0.5
resize_scale: 0.5
confiance: 0.55

random_seed: 1011
data_augmentation: True
samples: 13
total_pred: 868
total_real: 1077
