MAE: 2.3076923076923075 [1, 4, 0, 4, 3, 2, 2, 2, 4, 1, 1, 2, 4]
MAPE: 3.7733730763834754 [2.1739130434782608, 1.6666666666666667, 0.0, 3.0534351145038165, 5.263157894736842, 8.695652173913043, 1.1976047904191618, 2.5974025974025974, 6.896551724137931, 2.7027027027027026, 3.3333333333333335, 2.7777777777777777, 8.695652173913043]
RMSE: 2.660248687044705
grid_scale: 0.35
resize_scale: 0.5
confiance: 0.4

random_seed: 1011
data_augmentation: True
samples: 13
total_pred: 1073
total_real: 1077
