MAE: 20.23076923076923 [10, 42, 31, 49, 10, 5, 38, 19, 15, 5, 10, 10, 19]
MAPE: 24.96861555579398 [21.73913043478261, 17.5, 33.33333333333333, 37.404580152671755, 17.543859649122805, 21.73913043478261, 22.75449101796407, 24.675324675324674, 25.862068965517242, 13.513513513513514, 33.33333333333333, 13.88888888888889, 41.30434782608695]
RMSE: 24.75572971750487
grid_scale: 0.35
resize_scale: 0.5
confiance: 0.6

random_seed: 1011
data_augmentation: True
samples: 13
total_pred: 814
total_real: 1077
