MAE: 3.6153846153846154 [2, 13, 3, 6, 6, 0, 2, 0, 3, 3, 0, 4, 5]
MAPE: 4.538462702387929 [4.3478260869565215, 5.416666666666667, 3.225806451612903, 4.580152671755725, 10.526315789473683, 0.0, 1.1976047904191618, 0.0, 5.172413793103448, 8.108108108108109, 0.0, 5.555555555555555, 10.869565217391305]
RMSE: 4.9380781063704715
grid_scale: 0.5
resize_scale: 0.5
confiance: 0.3

random_seed: 1011
data_augmentation: True
samples: 13
total_pred: 1112
total_real: 1077
