MAE: 3.6923076923076925 [0, 8, 2, 16, 3, 2, 3, 2, 6, 1, 1, 2, 2]
MAPE: 4.581284520339667 [0.0, 3.3333333333333335, 2.1505376344086025, 12.213740458015266, 5.263157894736842, 8.695652173913043, 1.7964071856287425, 2.5974025974025974, 10.344827586206897, 2.7027027027027026, 3.3333333333333335, 2.7777777777777777, 4.3478260869565215]
RMSE: 5.519197266046799
grid_scale: 0.45
resize_scale: 0.5
confiance: 0.4

random_seed: 1011
data_augmentation: True
samples: 13
total_pred: 1049
total_real: 1077
