MAE: 3.1538461538461537 [7, 2, 5, 0, 1, 2, 13, 1, 1, 3, 1, 5, 0]
MAPE: 4.697712547374939 [15.217391304347828, 0.8333333333333334, 5.376344086021505, 0.0, 1.7543859649122806, 8.695652173913043, 7.784431137724551, 1.2987012987012987, 1.7241379310344827, 8.108108108108109, 3.3333333333333335, 6.944444444444445, 0.0]
RMSE: 4.714951667914447
grid_scale: 0.25
resize_scale: 0.5
confiance: 0.45

random_seed: 1011
data_augmentation: True
samples: 13
total_pred: 1102
total_real: 1077
