MAE: 4.538461538461538 [1, 8, 3, 12, 3, 1, 6, 6, 5, 3, 4, 0, 7]
MAPE: 6.47452974754279 [2.1739130434782608, 3.3333333333333335, 3.225806451612903, 9.16030534351145, 5.263157894736842, 4.3478260869565215, 3.592814371257485, 7.792207792207792, 8.620689655172415, 8.108108108108109, 13.333333333333334, 0.0, 15.217391304347828]
RMSE: 5.54006387077872
grid_scale: 0.45
resize_scale: 0.5
confiance: 0.45

random_seed: 1011
data_augmentation: True
samples: 13
total_pred: 1020
total_real: 1077
