MAE: 3.6153846153846154 [0, 8, 2, 13, 2, 1, 5, 2, 7, 1, 4, 1, 1]
MAPE: 4.655642397365806 [0.0, 3.3333333333333335, 2.1505376344086025, 9.923664122137405, 3.508771929824561, 4.3478260869565215, 2.9940119760479043, 2.5974025974025974, 12.068965517241379, 2.7027027027027026, 13.333333333333334, 1.3888888888888888, 2.1739130434782608]
RMSE: 5.106556871016231
grid_scale: 0.3
resize_scale: 0.5
confiance: 0.5

random_seed: 1011
data_augmentation: True
samples: 13
total_pred: 1032
total_real: 1077
