MAE: 6.769230769230769 [9, 21, 9, 6, 4, 1, 12, 4, 2, 4, 3, 9, 4]
MAPE: 8.597948626816724 [19.565217391304348, 8.75, 9.67741935483871, 4.580152671755725, 7.017543859649122, 4.3478260869565215, 7.18562874251497, 5.194805194805195, 3.4482758620689653, 10.81081081081081, 10.0, 12.5, 8.695652173913043]
RMSE: 8.512434344036873
grid_scale: 0.25
resize_scale: 0.5
confiance: 0.35

random_seed: 1011
data_augmentation: True
samples: 13
total_pred: 1151
total_real: 1077
