MAE: 13.307692307692308 [6, 25, 14, 43, 4, 3, 35, 10, 6, 7, 6, 1, 13]
MAPE: 15.712150749877813 [13.043478260869565, 10.416666666666668, 15.053763440860216, 32.82442748091603, 7.017543859649122, 13.043478260869565, 20.958083832335326, 12.987012987012985, 10.344827586206897, 18.91891891891892, 20.0, 1.3888888888888888, 28.26086956521739]
RMSE: 18.286186463683876
grid_scale: 0.5
resize_scale: 0.5
confiance: 0.55

random_seed: 1011
data_augmentation: True
samples: 13
total_pred: 906
total_real: 1077
