MAE: 7.461538461538462 [8, 22, 7, 18, 4, 0, 12, 3, 1, 7, 1, 7, 7]
MAPE: 8.833891612178062 [17.391304347826086, 9.166666666666666, 7.526881720430108, 13.740458015267176, 7.017543859649122, 0.0, 7.18562874251497, 3.896103896103896, 1.7241379310344827, 18.91891891891892, 3.3333333333333335, 9.722222222222223, 15.217391304347828]
RMSE: 9.76256586700916
grid_scale: 0.35
resize_scale: 0.5
confiance: 0.3

random_seed: 1011
data_augmentation: True
samples: 13
total_pred: 1174
total_real: 1077
