MAE: 7.153846153846154 [1, 12, 3, 29, 1, 3, 17, 4, 5, 3, 5, 2, 8]
MAPE: 8.944152366918832 [2.1739130434782608, 5.0, 3.225806451612903, 22.137404580152673, 1.7543859649122806, 13.043478260869565, 10.179640718562874, 5.194805194805195, 8.620689655172415, 8.108108108108109, 16.666666666666664, 2.7777777777777777, 17.391304347826086]
RMSE: 10.51372729047418
grid_scale: 0.45
resize_scale: 0.5
confiance: 0.5

random_seed: 1011
data_augmentation: True
samples: 13
total_pred: 984
total_real: 1077
