MAE: 6.6923076923076925 [2, 28, 6, 2, 7, 0, 16, 1, 2, 4, 6, 9, 4]
MAPE: 7.892907956718021 [4.3478260869565215, 11.666666666666666, 6.451612903225806, 1.5267175572519083, 12.280701754385964, 0.0, 9.580838323353294, 1.2987012987012987, 3.4482758620689653, 10.81081081081081, 20.0, 12.5, 8.695652173913043]
RMSE: 9.9498743710662
grid_scale: 0.3
resize_scale: 0.5
confiance: 0.3

random_seed: 1011
data_augmentation: True
samples: 13
total_pred: 1160
total_real: 1077
