MAE: 3.5384615384615383 [2, 9, 1, 12, 3, 3, 1, 0, 2, 1, 2, 7, 3]
MAPE: 5.100034260198739 [4.3478260869565215, 3.75, 1.0752688172043012, 9.16030534351145, 5.263157894736842, 13.043478260869565, 0.5988023952095809, 0.0, 3.4482758620689653, 2.7027027027027026, 6.666666666666667, 9.722222222222223, 6.521739130434782]
RMSE: 4.930283187372943
grid_scale: 0.5
resize_scale: 0.5
confiance: 0.35

random_seed: 1011
data_augmentation: True
samples: 13
total_pred: 1067
total_real: 1077
