MAE: 3.8461538461538463 [0, 5, 3, 18, 0, 1, 5, 3, 2, 1, 2, 7, 3]
MAPE: 4.565318949493621 [0.0, 2.083333333333333, 3.225806451612903, 13.740458015267176, 0.0, 4.3478260869565215, 2.9940119760479043, 3.896103896103896, 3.4482758620689653, 2.7027027027027026, 6.666666666666667, 9.722222222222223, 6.521739130434782]
RMSE: 5.948496901286525
grid_scale: 0.5
resize_scale: 0.5
confiance: 0.35

random_seed: 1011
data_augmentation: True
samples: 13
total_pred: 1061
total_real: 1077
