MAE: 12.76923076923077 [7, 24, 24, 40, 7, 3, 24, 7, 11, 2, 6, 1, 10]
MAPE: 15.218729432610766 [15.217391304347828, 10.0, 25.806451612903224, 30.53435114503817, 12.280701754385964, 13.043478260869565, 14.37125748502994, 9.090909090909092, 18.96551724137931, 5.405405405405405, 20.0, 1.3888888888888888, 21.73913043478261]
RMSE: 16.9750948790823
grid_scale: 0.45
resize_scale: 0.5
confiance: 0.55

random_seed: 1011
data_augmentation: True
samples: 13
total_pred: 913
total_real: 1077
