MAE: 7.153846153846154 [5, 30, 4, 7, 3, 3, 17, 1, 0, 5, 0, 11, 7]
MAPE: 8.215985592699992 [10.869565217391305, 12.5, 4.301075268817205, 5.343511450381679, 5.263157894736842, 13.043478260869565, 10.179640718562874, 1.2987012987012987, 0.0, 13.513513513513514, 0.0, 15.277777777777779, 15.217391304347828]
RMSE: 10.716629780213266
grid_scale: 0.3
resize_scale: 0.5
confiance: 0.3

random_seed: 1011
data_augmentation: True
samples: 13
total_pred: 1170
total_real: 1077
