MAE: 3.3076923076923075 [2, 1, 0, 14, 2, 1, 8, 1, 4, 1, 2, 4, 3]
MAPE: 4.441573070080247 [4.3478260869565215, 0.4166666666666667, 0.0, 10.687022900763358, 3.508771929824561, 4.3478260869565215, 4.790419161676647, 1.2987012987012987, 6.896551724137931, 2.7027027027027026, 6.666666666666667, 5.555555555555555, 6.521739130434782]
RMSE: 4.9380781063704715
grid_scale: 0.35
resize_scale: 0.5
confiance: 0.45

random_seed: 1011
data_augmentation: True
samples: 13
total_pred: 1050
total_real: 1077
