MAE: 12.153846153846153 [6, 22, 11, 35, 10, 3, 21, 9, 14, 4, 7, 5, 11]
MAPE: 15.749670935979188 [13.043478260869565, 9.166666666666666, 11.827956989247312, 26.717557251908396, 17.543859649122805, 13.043478260869565, 12.574850299401197, 11.688311688311687, 24.137931034482758, 10.81081081081081, 23.333333333333332, 6.944444444444445, 23.91304347826087]
RMSE: 14.946056850708665
grid_scale: 0.4
resize_scale: 0.5
confiance: 0.55

random_seed: 1011
data_augmentation: True
samples: 13
total_pred: 919
total_real: 1077
