MAE: 2.8461538461538463 [4, 5, 1, 6, 3, 0, 4, 1, 3, 1, 1, 5, 3]
MAPE: 3.8512391672693522 [8.695652173913043, 2.083333333333333, 1.0752688172043012, 4.580152671755725, 5.263157894736842, 0.0, 2.3952095808383236, 1.2987012987012987, 5.172413793103448, 2.7027027027027026, 3.3333333333333335, 6.944444444444445, 6.521739130434782]
RMSE: 3.385489397640829
grid_scale: 0.45
resize_scale: 0.5
confiance: 0.35

random_seed: 1011
data_augmentation: True
samples: 13
total_pred: 1066
total_real: 1077
