MAE: 2.8461538461538463 [4, 1, 5, 4, 2, 3, 10, 0, 2, 1, 2, 2, 1]
MAPE: 4.450131402814564 [8.695652173913043, 0.4166666666666667, 5.376344086021505, 3.0534351145038165, 3.508771929824561, 13.043478260869565, 5.9880239520958085, 0.0, 3.4482758620689653, 2.7027027027027026, 6.666666666666667, 2.7777777777777777, 2.1739130434782608]
RMSE: 3.7723691800736088
grid_scale: 0.25
resize_scale: 0.5
confiance: 0.45

random_seed: 1011
data_augmentation: True
samples: 13
total_pred: 1100
total_real: 1077
