MAE: 28.53846153846154 [12, 75, 41, 82, 11, 9, 65, 16, 18, 7, 9, 9, 17]
MAPE: 31.658336781200084 [26.08695652173913, 31.25, 44.086021505376344, 62.59541984732825, 19.298245614035086, 39.130434782608695, 38.92215568862276, 20.77922077922078, 31.03448275862069, 18.91891891891892, 30.0, 12.5, 36.95652173913043]
RMSE: 38.90916443362767
grid_scale: 0.5
resize_scale: 0.5
confiance: 0.6

random_seed: 1011
data_augmentation: True
samples: 13
total_pred: 706
total_real: 1077
