MAE: 8.923076923076923 [2, 14, 18, 26, 6, 3, 12, 4, 10, 2, 7, 3, 9]
MAPE: 11.926581266843082 [4.3478260869565215, 5.833333333333333, 19.35483870967742, 19.84732824427481, 10.526315789473683, 13.043478260869565, 7.18562874251497, 5.194805194805195, 17.24137931034483, 5.405405405405405, 23.333333333333332, 4.166666666666666, 19.565217391304348]
RMSE: 11.259184285250454
grid_scale: 0.3
resize_scale: 0.5
confiance: 0.55

random_seed: 1011
data_augmentation: True
samples: 13
total_pred: 961
total_real: 1077
