MAE: 10.0 [1, 33, 14, 23, 6, 0, 10, 6, 7, 4, 11, 4, 11]
MAPE: 12.450501381157538 [2.1739130434782608, 13.750000000000002, 15.053763440860216, 17.557251908396946, 10.526315789473683, 0.0, 5.9880239520958085, 7.792207792207792, 12.068965517241379, 10.81081081081081, 36.666666666666664, 5.555555555555555, 23.91304347826087]
RMSE: 13.330127819803817
grid_scale: 0.25
resize_scale: 0.5
confiance: 0.6

random_seed: 1011
data_augmentation: True
samples: 13
total_pred: 949
total_real: 1077
