MAE: 3.0 [4, 12, 5, 3, 1, 0, 2, 4, 1, 1, 1, 5, 0]
MAPE: 3.4010374582664626 [8.695652173913043, 5.0, 5.376344086021505, 2.2900763358778624, 1.7543859649122806, 0.0, 1.1976047904191618, 5.194805194805195, 1.7241379310344827, 2.7027027027027026, 3.3333333333333335, 6.944444444444445, 0.0]
RMSE: 4.323460152737352
grid_scale: 0.4
resize_scale: 0.5
confiance: 0.35

random_seed: 1011
data_augmentation: True
samples: 13
total_pred: 1112
total_real: 1077
