MAE: 3.6153846153846154 [0, 9, 1, 10, 5, 1, 3, 2, 4, 3, 3, 4, 2]
MAPE: 4.990804905597786 [0.0, 3.75, 1.0752688172043012, 7.633587786259542, 8.771929824561402, 4.3478260869565215, 1.7964071856287425, 2.5974025974025974, 6.896551724137931, 8.108108108108109, 10.0, 5.555555555555555, 4.3478260869565215]
RMSE: 4.599331055038999
grid_scale: 0.45
resize_scale: 0.5
confiance: 0.35

random_seed: 1011
data_augmentation: True
samples: 13
total_pred: 1090
total_real: 1077
