MAE: 4.769230769230769 [4, 22, 5, 7, 1, 2, 5, 3, 0, 0, 1, 9, 3]
MAPE: 5.252107757825242 [8.695652173913043, 9.166666666666666, 5.376344086021505, 5.343511450381679, 1.7543859649122806, 8.695652173913043, 2.9940119760479043, 3.896103896103896, 0.0, 0.0, 3.3333333333333335, 12.5, 6.521739130434782]
RMSE: 7.358929688062399
grid_scale: 0.3
resize_scale: 0.5
confiance: 0.35

random_seed: 1011
data_augmentation: True
samples: 13
total_pred: 1139
total_real: 1077
