MAE: 6.923076923076923 [0, 17, 6, 22, 3, 1, 14, 6, 7, 2, 3, 1, 8]
MAPE: 7.874602217886705 [0.0, 7.083333333333333, 6.451612903225806, 16.793893129770993, 5.263157894736842, 4.3478260869565215, 8.383233532934131, 7.792207792207792, 12.068965517241379, 5.405405405405405, 10.0, 1.3888888888888888, 17.391304347826086]
RMSE: 9.519211344191525
grid_scale: 0.35
resize_scale: 0.5
confiance: 0.5

random_seed: 1011
data_augmentation: True
samples: 13
total_pred: 991
total_real: 1077
