MAE: 9.692307692307692 [5, 17, 8, 22, 7, 3, 24, 10, 9, 3, 6, 2, 10]
MAPE: 12.628742338877487 [10.869565217391305, 7.083333333333333, 8.60215053763441, 16.793893129770993, 12.280701754385964, 13.043478260869565, 14.37125748502994, 12.987012987012985, 15.517241379310345, 8.108108108108109, 20.0, 2.7777777777777777, 21.73913043478261]
RMSE: 11.85164707800306
grid_scale: 0.3
resize_scale: 0.5
confiance: 0.55

random_seed: 1011
data_augmentation: True
samples: 13
total_pred: 951
total_real: 1077
