MAE: 4.6923076923076925 [2, 10, 0, 19, 3, 2, 6, 4, 4, 0, 4, 4, 3]
MAPE: 6.0055322250531145 [4.3478260869565215, 4.166666666666666, 0.0, 14.50381679389313, 5.263157894736842, 8.695652173913043, 3.592814371257485, 5.194805194805195, 6.896551724137931, 0.0, 13.333333333333334, 5.555555555555555, 6.521739130434782]
RMSE: 6.719661163618754
grid_scale: 0.45
resize_scale: 0.5
confiance: 0.5

random_seed: 1011
data_augmentation: True
samples: 13
total_pred: 1030
total_real: 1077
