MAE: 3.076923076923077 [0, 5, 3, 8, 2, 1, 5, 1, 2, 1, 3, 5, 4]
MAPE: 4.2581843452779475 [0.0, 2.083333333333333, 3.225806451612903, 6.106870229007633, 3.508771929824561, 4.3478260869565215, 2.9940119760479043, 1.2987012987012987, 3.4482758620689653, 2.7027027027027026, 10.0, 6.944444444444445, 8.695652173913043]
RMSE: 3.762159772503841
grid_scale: 0.5
resize_scale: 0.5
confiance: 0.35

random_seed: 1011
data_augmentation: True
samples: 13
total_pred: 1063
total_real: 1077
