MAE: 6.3076923076923075 [0, 18, 3, 15, 6, 2, 16, 4, 0, 3, 4, 10, 1]
MAPE: 7.206003306642771 [0.0, 7.5, 3.225806451612903, 11.450381679389313, 10.526315789473683, 8.695652173913043, 9.580838323353294, 5.194805194805195, 0.0, 8.108108108108109, 13.333333333333334, 13.88888888888889, 2.1739130434782608]
RMSE: 8.753021456353492
grid_scale: 0.35
resize_scale: 0.5
confiance: 0.3

random_seed: 1011
data_augmentation: True
samples: 13
total_pred: 1159
total_real: 1077
