MAE: 3.923076923076923 [2, 2, 3, 19, 3, 2, 9, 3, 0, 1, 3, 2, 2]
MAPE: 5.075632673451761 [4.3478260869565215, 0.8333333333333334, 3.225806451612903, 14.50381679389313, 5.263157894736842, 8.695652173913043, 5.389221556886228, 3.896103896103896, 0.0, 2.7027027027027026, 10.0, 2.7777777777777777, 4.3478260869565215]
RMSE: 6.195531888757848
grid_scale: 0.5
resize_scale: 0.5
confiance: 0.45

random_seed: 1011
data_augmentation: True
samples: 13
total_pred: 1034
total_real: 1077
