MAE: 2.0 [0, 3, 1, 7, 2, 1, 2, 0, 0, 1, 2, 5, 2]
MAPE: 2.875740228888966 [0.0, 1.25, 1.0752688172043012, 5.343511450381679, 3.508771929824561, 4.3478260869565215, 1.1976047904191618, 0.0, 0.0, 2.7027027027027026, 6.666666666666667, 6.944444444444445, 4.3478260869565215]
RMSE: 2.8010986855435576
grid_scale: 0.4
resize_scale: 0.5
confiance: 0.4

random_seed: 1011
data_augmentation: True
samples: 13
total_pred: 1065
total_real: 1077
