MAE: 4.153846153846154 [2, 8, 4, 9, 7, 1, 14, 2, 0, 0, 0, 6, 1]
MAPE: 4.382221080402419 [4.3478260869565215, 3.3333333333333335, 4.301075268817205, 6.870229007633588, 12.280701754385964, 4.3478260869565215, 8.383233532934131, 2.5974025974025974, 0.0, 0.0, 0.0, 8.333333333333332, 2.1739130434782608]
RMSE: 5.896543968226707
grid_scale: 0.35
resize_scale: 0.5
confiance: 0.4

random_seed: 1011
data_augmentation: True
samples: 13
total_pred: 1113
total_real: 1077
