MAE: 13.692307692307692 [10, 33, 10, 39, 7, 5, 28, 12, 7, 4, 10, 1, 12]
MAPE: 17.390190837284905 [21.73913043478261, 13.750000000000002, 10.75268817204301, 29.770992366412212, 12.280701754385964, 21.73913043478261, 16.766467065868262, 15.584415584415584, 12.068965517241379, 10.81081081081081, 33.33333333333333, 1.3888888888888888, 26.08695652173913]
RMSE: 17.80665389894809
grid_scale: 0.4
resize_scale: 0.5
confiance: 0.6

random_seed: 1011
data_augmentation: True
samples: 13
total_pred: 899
total_real: 1077
