MAE: 2.5384615384615383 [0, 1, 3, 6, 5, 1, 4, 1, 3, 2, 2, 3, 2]
MAPE: 3.9073285538378113 [0.0, 0.4166666666666667, 3.225806451612903, 4.580152671755725, 8.771929824561402, 4.3478260869565215, 2.3952095808383236, 1.2987012987012987, 5.172413793103448, 5.405405405405405, 6.666666666666667, 4.166666666666666, 4.3478260869565215]
RMSE: 3.0255323752764824
grid_scale: 0.4
resize_scale: 0.5
confiance: 0.45

random_seed: 1011
data_augmentation: True
samples: 13
total_pred: 1084
total_real: 1077
