MAE: 4.230769230769231 [2, 2, 7, 15, 1, 3, 6, 6, 6, 1, 0, 2, 4]
MAPE: 5.758636111535139 [4.3478260869565215, 0.8333333333333334, 7.526881720430108, 11.450381679389313, 1.7543859649122806, 13.043478260869565, 3.592814371257485, 7.792207792207792, 10.344827586206897, 2.7027027027027026, 0.0, 2.7777777777777777, 8.695652173913043]
RMSE: 5.690748227132825
grid_scale: 0.3
resize_scale: 0.5
confiance: 0.45

random_seed: 1011
data_augmentation: True
samples: 13
total_pred: 1030
total_real: 1077
