MAE: 2.6923076923076925 [3, 6, 2, 8, 1, 2, 1, 2, 2, 3, 3, 1, 1]
MAPE: 4.311121232910211 [6.521739130434782, 2.5, 2.1505376344086025, 6.106870229007633, 1.7543859649122806, 8.695652173913043, 0.5988023952095809, 2.5974025974025974, 3.4482758620689653, 8.108108108108109, 10.0, 1.3888888888888888, 2.1739130434782608]
RMSE: 3.36269122990683
grid_scale: 0.25
resize_scale: 0.5
confiance: 0.45

random_seed: 1011
data_augmentation: True
samples: 13
total_pred: 1070
total_real: 1077
