MAE: 4.769230769230769 [2, 16, 2, 12, 1, 2, 7, 2, 1, 4, 2, 11, 0]
MAPE: 5.6956758785021515 [4.3478260869565215, 6.666666666666667, 2.1505376344086025, 9.16030534351145, 1.7543859649122806, 8.695652173913043, 4.191616766467066, 2.5974025974025974, 1.7241379310344827, 10.81081081081081, 6.666666666666667, 15.277777777777779, 0.0]
RMSE: 6.838803314120883
grid_scale: 0.5
resize_scale: 0.5
confiance: 0.3

random_seed: 1011
data_augmentation: True
samples: 13
total_pred: 1103
total_real: 1077
