MAE: 14.538461538461538 [4, 39, 13, 32, 6, 3, 33, 17, 8, 4, 7, 5, 18]
MAPE: 17.136303823327243 [8.695652173913043, 16.25, 13.978494623655912, 24.427480916030532, 10.526315789473683, 13.043478260869565, 19.760479041916167, 22.07792207792208, 13.793103448275861, 10.81081081081081, 23.333333333333332, 6.944444444444445, 39.130434782608695]
RMSE: 18.874076645779766
grid_scale: 0.45
resize_scale: 0.5
confiance: 0.6

random_seed: 1011
data_augmentation: True
samples: 13
total_pred: 888
total_real: 1077
