MAE: 13.923076923076923 [4, 41, 14, 37, 10, 5, 29, 14, 7, 5, 7, 1, 7]
MAPE: 16.109938003184098 [8.695652173913043, 17.083333333333332, 15.053763440860216, 28.24427480916031, 17.543859649122805, 21.73913043478261, 17.365269461077844, 18.181818181818183, 12.068965517241379, 13.513513513513514, 23.333333333333332, 1.3888888888888888, 15.217391304347828]
RMSE: 18.804663905940586
grid_scale: 0.45
resize_scale: 0.5
confiance: 0.6

random_seed: 1011
data_augmentation: True
samples: 13
total_pred: 896
total_real: 1077
