MAE: 7.076923076923077 [3, 41, 4, 10, 2, 1, 14, 3, 1, 6, 1, 5, 1]
MAPE: 6.6205935333208235 [6.521739130434782, 17.083333333333332, 4.301075268817205, 7.633587786259542, 3.508771929824561, 4.3478260869565215, 8.383233532934131, 3.896103896103896, 1.7241379310344827, 16.216216216216218, 3.3333333333333335, 6.944444444444445, 2.1739130434782608]
RMSE: 12.649110640673518
grid_scale: 0.4
resize_scale: 0.5
confiance: 0.3

random_seed: 1011
data_augmentation: True
samples: 13
total_pred: 1167
total_real: 1077
