MAE: 3.0 [2, 4, 2, 13, 1, 1, 2, 4, 1, 1, 2, 4, 2]
MAPE: 3.9677081146290982 [4.3478260869565215, 1.6666666666666667, 2.1505376344086025, 9.923664122137405, 1.7543859649122806, 4.3478260869565215, 1.1976047904191618, 5.194805194805195, 1.7241379310344827, 2.7027027027027026, 6.666666666666667, 5.555555555555555, 4.3478260869565215]
RMSE: 4.3056313751250865
grid_scale: 0.35
resize_scale: 0.5
confiance: 0.5

random_seed: 1011
data_augmentation: True
samples: 13
total_pred: 1072
total_real: 1077
