MAE: 5.846153846153846 [3, 15, 3, 17, 2, 1, 3, 3, 6, 6, 6, 1, 10]
MAPE: 8.63175515717671 [6.521739130434782, 6.25, 3.225806451612903, 12.977099236641221, 3.508771929824561, 4.3478260869565215, 1.7964071856287425, 3.896103896103896, 10.344827586206897, 16.216216216216218, 20.0, 1.3888888888888888, 21.73913043478261]
RMSE: 7.66610923280061
grid_scale: 0.25
resize_scale: 0.5
confiance: 0.55

random_seed: 1011
data_augmentation: True
samples: 13
total_pred: 1007
total_real: 1077
