MAE: 7.230769230769231 [2, 3, 6, 35, 1, 2, 14, 6, 6, 3, 3, 3, 10]
MAPE: 9.211631423217097 [4.3478260869565215, 1.25, 6.451612903225806, 26.717557251908396, 1.7543859649122806, 8.695652173913043, 8.383233532934131, 7.792207792207792, 10.344827586206897, 8.108108108108109, 10.0, 4.166666666666666, 21.73913043478261]
RMSE: 11.347653095210074
grid_scale: 0.5
resize_scale: 0.5
confiance: 0.45

random_seed: 1011
data_augmentation: True
samples: 13
total_pred: 991
total_real: 1077
