MAE: 4.076923076923077 [1, 20, 1, 7, 3, 4, 5, 2, 1, 0, 3, 5, 1]
MAPE: 5.078030683028322 [2.1739130434782608, 8.333333333333332, 1.0752688172043012, 5.343511450381679, 5.263157894736842, 17.391304347826086, 2.9940119760479043, 2.5974025974025974, 1.7241379310344827, 0.0, 10.0, 6.944444444444445, 2.1739130434782608]
RMSE: 6.4509987300715395
grid_scale: 0.25
resize_scale: 0.5
confiance: 0.45

random_seed: 1011
data_augmentation: True
samples: 13
total_pred: 1104
total_real: 1077
