MAE: 2.6923076923076925 [3, 3, 1, 10, 3, 1, 4, 0, 2, 1, 1, 5, 1]
MAPE: 3.6222660524967703 [6.521739130434782, 1.25, 1.0752688172043012, 7.633587786259542, 5.263157894736842, 4.3478260869565215, 2.3952095808383236, 0.0, 3.4482758620689653, 2.7027027027027026, 3.3333333333333335, 6.944444444444445, 2.1739130434782608]
RMSE: 3.6899030631419865
grid_scale: 0.3
resize_scale: 0.5
confiance: 0.45

random_seed: 1011
data_augmentation: True
samples: 13
total_pred: 1060
total_real: 1077
