MAE: 11.538461538461538 [6, 26, 15, 38, 6, 5, 24, 5, 6, 5, 5, 2, 7]
MAPE: 13.897220345489158 [13.043478260869565, 10.833333333333334, 16.129032258064516, 29.00763358778626, 10.526315789473683, 21.73913043478261, 14.37125748502994, 6.493506493506493, 10.344827586206897, 13.513513513513514, 16.666666666666664, 2.7777777777777777, 15.217391304347828]
RMSE: 15.645102453139474
grid_scale: 0.5
resize_scale: 0.5
confiance: 0.6

random_seed: 1011
data_augmentation: True
samples: 13
total_pred: 927
total_real: 1077
