MAE: 8.461538461538462 [2, 19, 8, 22, 3, 3, 15, 9, 4, 3, 10, 2, 10]
MAPE: 11.499417043940781 [4.3478260869565215, 7.916666666666666, 8.60215053763441, 16.793893129770993, 5.263157894736842, 13.043478260869565, 8.982035928143713, 11.688311688311687, 6.896551724137931, 8.108108108108109, 33.33333333333333, 2.7777777777777777, 21.73913043478261]
RMSE: 10.619285793744831
grid_scale: 0.35
resize_scale: 0.5
confiance: 0.6

random_seed: 1011
data_augmentation: True
samples: 13
total_pred: 971
total_real: 1077
