MAE: 9.153846153846153 [6, 14, 6, 32, 4, 3, 24, 8, 5, 0, 8, 2, 7]
MAPE: 11.373870831737149 [13.043478260869565, 5.833333333333333, 6.451612903225806, 24.427480916030532, 7.017543859649122, 13.043478260869565, 14.37125748502994, 10.38961038961039, 8.620689655172415, 0.0, 26.666666666666668, 2.7777777777777777, 15.217391304347828]
RMSE: 12.706751688041223
grid_scale: 0.45
resize_scale: 0.5
confiance: 0.5

random_seed: 1011
data_augmentation: True
samples: 13
total_pred: 962
total_real: 1077
