MAE: 8.76923076923077 [9, 21, 14, 2, 9, 3, 25, 6, 3, 4, 2, 12, 4]
MAPE: 11.115625239854191 [19.565217391304348, 8.75, 15.053763440860216, 1.5267175572519083, 15.789473684210526, 13.043478260869565, 14.97005988023952, 7.792207792207792, 5.172413793103448, 10.81081081081081, 6.666666666666667, 16.666666666666664, 8.695652173913043]
RMSE: 11.306907351090919
grid_scale: 0.25
resize_scale: 0.5
confiance: 0.3

random_seed: 1011
data_augmentation: True
samples: 13
total_pred: 1191
total_real: 1077
