MAE: 10.461538461538462 [6, 42, 7, 22, 6, 2, 19, 2, 2, 6, 4, 10, 8]
MAPE: 11.718375986859655 [13.043478260869565, 17.5, 7.526881720430108, 16.793893129770993, 10.526315789473683, 8.695652173913043, 11.377245508982035, 2.5974025974025974, 3.4482758620689653, 16.216216216216218, 13.333333333333334, 13.88888888888889, 17.391304347826086]
RMSE: 15.084378062699885
grid_scale: 0.25
resize_scale: 0.5
confiance: 0.3

random_seed: 1011
data_augmentation: True
samples: 13
total_pred: 1213
total_real: 1077
