MAE: 22.076923076923077 [12, 61, 28, 55, 6, 5, 49, 17, 13, 6, 14, 6, 15]
MAPE: 25.655328733372304 [26.08695652173913, 25.416666666666664, 30.107526881720432, 41.98473282442748, 10.526315789473683, 21.73913043478261, 29.34131736526946, 22.07792207792208, 22.413793103448278, 16.216216216216218, 46.666666666666664, 8.333333333333332, 32.608695652173914]
RMSE: 29.203529818262616
grid_scale: 0.45
resize_scale: 0.5
confiance: 0.6

random_seed: 1011
data_augmentation: True
samples: 13
total_pred: 790
total_real: 1077
