MAE: 3.230769230769231 [1, 3, 2, 12, 0, 1, 9, 0, 3, 1, 3, 5, 2]
MAPE: 4.126091591726783 [2.1739130434782608, 1.25, 2.1505376344086025, 9.16030534351145, 0.0, 4.3478260869565215, 5.389221556886228, 0.0, 5.172413793103448, 2.7027027027027026, 10.0, 6.944444444444445, 4.3478260869565215]
RMSE: 4.706787243316417
grid_scale: 0.5
resize_scale: 0.5
confiance: 0.4

random_seed: 1011
data_augmentation: True
samples: 13
total_pred: 1045
total_real: 1077
