MAE: 2.230769230769231 [3, 0, 1, 10, 1, 1, 2, 1, 2, 3, 0, 2, 3]
MAPE: 3.437308827175194 [6.521739130434782, 0.0, 1.0752688172043012, 7.633587786259542, 1.7543859649122806, 4.3478260869565215, 1.1976047904191618, 1.2987012987012987, 3.4482758620689653, 8.108108108108109, 0.0, 2.7777777777777777, 6.521739130434782]
RMSE: 3.3166247903554
grid_scale: 0.35
resize_scale: 0.5
confiance: 0.45

random_seed: 1011
data_augmentation: True
samples: 13
total_pred: 1070
total_real: 1077
