MAE: 2.769230769230769 [4, 3, 1, 12, 1, 0, 2, 2, 1, 2, 0, 5, 3]
MAPE: 3.5635651229755347 [8.695652173913043, 1.25, 1.0752688172043012, 9.16030534351145, 1.7543859649122806, 0.0, 1.1976047904191618, 2.5974025974025974, 1.7241379310344827, 5.405405405405405, 0.0, 6.944444444444445, 6.521739130434782]
RMSE: 4.095025124371127
grid_scale: 0.45
resize_scale: 0.5
confiance: 0.35

random_seed: 1011
data_augmentation: True
samples: 13
total_pred: 1071
total_real: 1077
