MAE: 3.0 [2, 10, 3, 4, 2, 1, 2, 1, 4, 3, 2, 3, 2]
MAPE: 4.256342898321334 [4.3478260869565215, 4.166666666666666, 3.225806451612903, 3.0534351145038165, 3.508771929824561, 4.3478260869565215, 1.1976047904191618, 1.2987012987012987, 6.896551724137931, 8.108108108108109, 6.666666666666667, 4.166666666666666, 4.3478260869565215]
RMSE: 3.7313639494261244
grid_scale: 0.3
resize_scale: 0.5
confiance: 0.4

random_seed: 1011
data_augmentation: True
samples: 13
total_pred: 1092
total_real: 1077
