MAE: 11.538461538461538 [1, 55, 8, 1, 12, 3, 1, 1, 12, 5, 24, 18, 9]
MAPE: 16.499422459380288 [4.3478260869565215, 19.642857142857142, 8.333333333333332, 2.3255813953488373, 7.18562874251497, 10.344827586206897, 2.0408163265306123, 1.3333333333333335, 31.57894736842105, 11.363636363636363, 9.125475285171103, 100.0, 6.870229007633588]
RMSE: 18.388959898641524
grid_scale: 0.5
resize_scale: 0.5
confiance: 0.3

random_seed: 1011
data_augmentation: True
samples: 13
total_pred: 1310
total_real: 1256
