MAE: 4.153846153846154 [1, 3, 2, 9, 5, 1, 11, 3, 7, 3, 3, 1, 5]
MAPE: 6.037145659390564 [2.1739130434782608, 1.25, 2.1505376344086025, 6.870229007633588, 8.771929824561402, 4.3478260869565215, 6.58682634730539, 3.896103896103896, 12.068965517241379, 8.108108108108109, 10.0, 1.3888888888888888, 10.869565217391305]
RMSE: 5.14407799916938
grid_scale: 0.3
resize_scale: 0.5
confiance: 0.5

random_seed: 1011
data_augmentation: True
samples: 13
total_pred: 1023
total_real: 1077
