MAE: 2.3076923076923075 [3, 2, 4, 0, 3, 1, 8, 2, 0, 1, 1, 5, 0]
MAPE: 3.2027256887568005 [6.521739130434782, 0.8333333333333334, 4.301075268817205, 0.0, 5.263157894736842, 4.3478260869565215, 4.790419161676647, 2.5974025974025974, 0.0, 2.7027027027027026, 3.3333333333333335, 6.944444444444445, 0.0]
RMSE: 3.2105595007244934
grid_scale: 0.35
resize_scale: 0.5
confiance: 0.35

random_seed: 1011
data_augmentation: True
samples: 13
total_pred: 1107
total_real: 1077
