MAE: 6.615384615384615 [5, 19, 7, 8, 10, 2, 16, 3, 5, 2, 0, 5, 4]
MAPE: 7.8309715042249275 [10.869565217391305, 7.916666666666666, 7.526881720430108, 6.106870229007633, 17.543859649122805, 8.695652173913043, 9.580838323353294, 3.896103896103896, 8.620689655172415, 5.405405405405405, 0.0, 6.944444444444445, 8.695652173913043]
RMSE: 8.494342008292707
grid_scale: 0.25
resize_scale: 0.5
confiance: 0.35

random_seed: 1011
data_augmentation: True
samples: 13
total_pred: 1159
total_real: 1077
