MAE: 3.3846153846153846 [5, 6, 2, 10, 0, 1, 5, 2, 3, 0, 3, 3, 4]
MAPE: 4.70212799478074 [10.869565217391305, 2.5, 2.1505376344086025, 7.633587786259542, 0.0, 4.3478260869565215, 2.9940119760479043, 2.5974025974025974, 5.172413793103448, 0.0, 10.0, 4.166666666666666, 8.695652173913043]
RMSE: 4.278748918514886
grid_scale: 0.3
resize_scale: 0.5
confiance: 0.5

random_seed: 1011
data_augmentation: True
samples: 13
total_pred: 1061
total_real: 1077
