MAE: 5.615384615384615 [4, 23, 8, 4, 5, 1, 4, 2, 3, 6, 2, 8, 3]
MAPE: 7.210391243590437 [8.695652173913043, 9.583333333333334, 8.60215053763441, 3.0534351145038165, 8.771929824561402, 4.3478260869565215, 2.3952095808383236, 2.5974025974025974, 5.172413793103448, 16.216216216216218, 6.666666666666667, 11.11111111111111, 6.521739130434782]
RMSE: 7.810249675906654
grid_scale: 0.3
resize_scale: 0.5
confiance: 0.35

random_seed: 1011
data_augmentation: True
samples: 13
total_pred: 1142
total_real: 1077
