MAE: 13.076923076923077 [5, 34, 15, 43, 5, 3, 21, 6, 9, 4, 6, 5, 14]
MAPE: 15.375341311026132 [10.869565217391305, 14.166666666666666, 16.129032258064516, 32.82442748091603, 8.771929824561402, 13.043478260869565, 12.574850299401197, 7.792207792207792, 15.517241379310345, 10.81081081081081, 20.0, 6.944444444444445, 30.434782608695656]
RMSE: 17.802333468483194
grid_scale: 0.45
resize_scale: 0.5
confiance: 0.55

random_seed: 1011
data_augmentation: True
samples: 13
total_pred: 907
total_real: 1077
