MAE: 3.6153846153846154 [2, 10, 2, 12, 1, 0, 1, 2, 3, 2, 3, 5, 4]
MAPE: 4.691834038918003 [4.3478260869565215, 4.166666666666666, 2.1505376344086025, 9.16030534351145, 1.7543859649122806, 0.0, 0.5988023952095809, 2.5974025974025974, 5.172413793103448, 5.405405405405405, 10.0, 6.944444444444445, 8.695652173913043]
RMSE: 4.969135507541296
grid_scale: 0.25
resize_scale: 0.5
confiance: 0.5

random_seed: 1011
data_augmentation: True
samples: 13
total_pred: 1044
total_real: 1077
