MAE: 1.4615384615384615 [0, 2, 0, 3, 2, 0, 1, 2, 1, 4, 1, 2, 1]
MAPE: 2.3575661144678923 [0.0, 0.8333333333333334, 0.0, 2.2900763358778624, 3.508771929824561, 0.0, 0.5988023952095809, 2.5974025974025974, 1.7241379310344827, 10.81081081081081, 3.3333333333333335, 2.7777777777777777, 2.1739130434782608]
RMSE: 1.860521018838127
grid_scale: 0.4
resize_scale: 0.5
confiance: 0.35

random_seed: 1011
data_augmentation: True
samples: 13
total_pred: 1094
total_real: 1077
