MAE: 6.0 [1, 11, 4, 22, 2, 3, 15, 1, 6, 1, 6, 1, 5]
MAPE: 7.6916297375483635 [2.1739130434782608, 4.583333333333333, 4.301075268817205, 16.793893129770993, 3.508771929824561, 13.043478260869565, 8.982035928143713, 1.2987012987012987, 10.344827586206897, 2.7027027027027026, 20.0, 1.3888888888888888, 10.869565217391305]
RMSE: 8.593378488473194
grid_scale: 0.4
resize_scale: 0.5
confiance: 0.5

random_seed: 1011
data_augmentation: True
samples: 13
total_pred: 1001
total_real: 1077
