MAE: 3.5384615384615383 [5, 11, 7, 1, 2, 0, 6, 4, 2, 1, 1, 6, 0]
MAPE: 4.142859675162021 [10.869565217391305, 4.583333333333333, 7.526881720430108, 0.7633587786259541, 3.508771929824561, 0.0, 3.592814371257485, 5.194805194805195, 3.4482758620689653, 2.7027027027027026, 3.3333333333333335, 8.333333333333332, 0.0]
RMSE: 4.755563543407303
grid_scale: 0.25
resize_scale: 0.5
confiance: 0.4

random_seed: 1011
data_augmentation: True
samples: 13
total_pred: 1121
total_real: 1077
