MAE: 3.4615384615384617 [1, 9, 5, 15, 2, 1, 1, 2, 1, 1, 2, 4, 1]
MAPE: 4.0481859782861545 [2.1739130434782608, 3.75, 5.376344086021505, 11.450381679389313, 3.508771929824561, 4.3478260869565215, 0.5988023952095809, 2.5974025974025974, 1.7241379310344827, 2.7027027027027026, 6.666666666666667, 5.555555555555555, 2.1739130434782608]
RMSE: 5.298766184398315
grid_scale: 0.4
resize_scale: 0.5
confiance: 0.4

random_seed: 1011
data_augmentation: True
samples: 13
total_pred: 1068
total_real: 1077
