MAE: 4.6923076923076925 [2, 6, 6, 15, 4, 2, 6, 1, 5, 1, 5, 2, 6]
MAPE: 6.858911341252438 [4.3478260869565215, 2.5, 6.451612903225806, 11.450381679389313, 7.017543859649122, 8.695652173913043, 3.592814371257485, 1.2987012987012987, 8.620689655172415, 2.7027027027027026, 16.666666666666664, 2.7777777777777777, 13.043478260869565]
RMSE: 5.87694321381971
grid_scale: 0.25
resize_scale: 0.5
confiance: 0.5

random_seed: 1011
data_augmentation: True
samples: 13
total_pred: 1024
total_real: 1077
