MAE: 11.923076923076923 [6, 29, 19, 29, 8, 6, 20, 9, 8, 4, 5, 2, 10]
MAPE: 15.174478205622437 [13.043478260869565, 12.083333333333334, 20.43010752688172, 22.137404580152673, 14.035087719298245, 26.08695652173913, 11.976047904191617, 11.688311688311687, 13.793103448275861, 10.81081081081081, 16.666666666666664, 2.7777777777777777, 21.73913043478261]
RMSE: 14.855716330500783
grid_scale: 0.35
resize_scale: 0.5
confiance: 0.55

random_seed: 1011
data_augmentation: True
samples: 13
total_pred: 922
total_real: 1077
