MAE: 20.692307692307693 [9, 52, 34, 41, 9, 5, 44, 18, 16, 10, 9, 7, 15]
MAPE: 24.868109111491872 [19.565217391304348, 21.666666666666668, 36.55913978494624, 31.297709923664126, 15.789473684210526, 21.73913043478261, 26.34730538922156, 23.376623376623375, 27.586206896551722, 27.027027027027028, 30.0, 9.722222222222223, 32.608695652173914]
RMSE: 25.868008159768433
grid_scale: 0.3
resize_scale: 0.5
confiance: 0.6

random_seed: 1011
data_augmentation: True
samples: 13
total_pred: 808
total_real: 1077
