MAE: 10.384615384615385 [11, 34, 9, 16, 3, 1, 16, 6, 4, 10, 7, 14, 4]
MAPE: 13.257839135222442 [23.91304347826087, 14.166666666666666, 9.67741935483871, 12.213740458015266, 5.263157894736842, 4.3478260869565215, 9.580838323353294, 7.792207792207792, 6.896551724137931, 27.027027027027028, 23.333333333333332, 19.444444444444446, 8.695652173913043]
RMSE: 13.280986988345987
grid_scale: 0.35
resize_scale: 0.5
confiance: 0.3

random_seed: 1011
data_augmentation: True
samples: 13
total_pred: 1212
total_real: 1077
