MAE: 9.461538461538462 [3, 23, 4, 27, 4, 5, 21, 9, 8, 3, 4, 0, 12]
MAPE: 11.95062864992978 [6.521739130434782, 9.583333333333334, 4.301075268817205, 20.610687022900763, 7.017543859649122, 21.73913043478261, 12.574850299401197, 11.688311688311687, 13.793103448275861, 8.108108108108109, 13.333333333333334, 0.0, 26.08695652173913]
RMSE: 12.646069623526392
grid_scale: 0.45
resize_scale: 0.5
confiance: 0.55

random_seed: 1011
data_augmentation: True
samples: 13
total_pred: 954
total_real: 1077
