MAE: 8.846153846153847 [4, 18, 15, 33, 0, 2, 19, 6, 4, 2, 4, 1, 7]
MAPE: 9.817092327526947 [8.695652173913043, 7.5, 16.129032258064516, 25.190839694656486, 0.0, 8.695652173913043, 11.377245508982035, 7.792207792207792, 6.896551724137931, 5.405405405405405, 13.333333333333334, 1.3888888888888888, 15.217391304347828]
RMSE: 12.833250082980058
grid_scale: 0.45
resize_scale: 0.5
confiance: 0.5

random_seed: 1011
data_augmentation: True
samples: 13
total_pred: 962
total_real: 1077
