MAE: 11.307692307692308 [7, 22, 16, 31, 9, 4, 21, 10, 8, 3, 3, 3, 10]
MAPE: 13.98477931999784 [15.217391304347828, 9.166666666666666, 17.20430107526882, 23.66412213740458, 15.789473684210526, 17.391304347826086, 12.574850299401197, 12.987012987012985, 13.793103448275861, 8.108108108108109, 10.0, 4.166666666666666, 21.73913043478261]
RMSE: 14.084907361591535
grid_scale: 0.35
resize_scale: 0.5
confiance: 0.55

random_seed: 1011
data_augmentation: True
samples: 13
total_pred: 930
total_real: 1077
