MAE: 5.461538461538462 [2, 14, 10, 16, 2, 1, 3, 4, 4, 3, 5, 4, 3]
MAPE: 7.057232279420476 [4.3478260869565215, 5.833333333333333, 10.75268817204301, 12.213740458015266, 3.508771929824561, 4.3478260869565215, 1.7964071856287425, 5.194805194805195, 6.896551724137931, 8.108108108108109, 16.666666666666664, 5.555555555555555, 6.521739130434782]
RMSE: 7.130648907789097
grid_scale: 0.25
resize_scale: 0.5
confiance: 0.55

random_seed: 1011
data_augmentation: True
samples: 13
total_pred: 1006
total_real: 1077
