MAE: 18.76923076923077 [7, 39, 23, 38, 16, 6, 38, 29, 17, 2, 10, 4, 15]
MAPE: 23.537961777117292 [15.217391304347828, 16.25, 24.731182795698924, 29.00763358778626, 28.07017543859649, 26.08695652173913, 22.75449101796407, 37.66233766233766, 29.310344827586203, 5.405405405405405, 33.33333333333333, 5.555555555555555, 32.608695652173914]
RMSE: 22.7933863552229
grid_scale: 0.35
resize_scale: 0.5
confiance: 0.6

random_seed: 1011
data_augmentation: True
samples: 13
total_pred: 833
total_real: 1077
