MAE: 4.6923076923076925 [2, 11, 7, 4, 10, 3, 11, 2, 1, 1, 1, 7, 1]
MAPE: 6.072257872515011 [4.3478260869565215, 4.583333333333333, 7.526881720430108, 3.0534351145038165, 17.543859649122805, 13.043478260869565, 6.58682634730539, 2.5974025974025974, 1.7241379310344827, 2.7027027027027026, 3.3333333333333335, 9.722222222222223, 2.1739130434782608]
RMSE: 6.057417576187702
grid_scale: 0.5
resize_scale: 0.5
confiance: 0.3

random_seed: 1011
data_augmentation: True
samples: 13
total_pred: 1124
total_real: 1077
