MAE: 5.0 [5, 19, 4, 0, 9, 1, 8, 2, 3, 4, 0, 10, 0]
MAPE: 6.191118628917277 [10.869565217391305, 7.916666666666666, 4.301075268817205, 0.0, 15.789473684210526, 4.3478260869565215, 4.790419161676647, 2.5974025974025974, 5.172413793103448, 10.81081081081081, 0.0, 13.88888888888889, 0.0]
RMSE: 7.216434235612702
grid_scale: 0.25
resize_scale: 0.5
confiance: 0.35

random_seed: 1011
data_augmentation: True
samples: 13
total_pred: 1140
total_real: 1077
