MAE: 3.769230769230769 [2, 18, 2, 3, 0, 2, 0, 3, 1, 4, 1, 11, 2]
MAPE: 4.951852466705604 [4.3478260869565215, 7.5, 2.1505376344086025, 2.2900763358778624, 0.0, 8.695652173913043, 0.0, 3.896103896103896, 1.7241379310344827, 10.81081081081081, 3.3333333333333335, 15.277777777777779, 4.3478260869565215]
RMSE: 6.183103527418026
grid_scale: 0.45
resize_scale: 0.5
confiance: 0.3

random_seed: 1011
data_augmentation: True
samples: 13
total_pred: 1124
total_real: 1077
