MAE: 3.6153846153846154 [6, 7, 2, 3, 6, 2, 6, 2, 4, 2, 2, 3, 2]
MAPE: 5.6381584907463616 [13.043478260869565, 2.9166666666666665, 2.1505376344086025, 2.2900763358778624, 10.526315789473683, 8.695652173913043, 3.592814371257485, 2.5974025974025974, 6.896551724137931, 5.405405405405405, 6.666666666666667, 4.166666666666666, 4.3478260869565215]
RMSE: 4.0667507347342475
grid_scale: 0.4
resize_scale: 0.5
confiance: 0.35

random_seed: 1011
data_augmentation: True
samples: 13
total_pred: 1096
total_real: 1077
