MAE: 5.615384615384615 [0, 2, 8, 26, 6, 3, 10, 2, 4, 2, 4, 5, 1]
MAPE: 7.399360051221814 [0.0, 0.8333333333333334, 8.60215053763441, 19.84732824427481, 10.526315789473683, 13.043478260869565, 5.9880239520958085, 2.5974025974025974, 6.896551724137931, 5.405405405405405, 13.333333333333334, 6.944444444444445, 2.1739130434782608]
RMSE: 8.570970683740464
grid_scale: 0.5
resize_scale: 0.5
confiance: 0.4

random_seed: 1011
data_augmentation: True
samples: 13
total_pred: 1030
total_real: 1077
