MAE: 2.076923076923077 [4, 6, 0, 4, 6, 0, 2, 1, 2, 0, 1, 1, 0]
MAPE: 2.726323634715553 [8.695652173913043, 2.5, 0.0, 3.0534351145038165, 10.526315789473683, 0.0, 1.1976047904191618, 1.2987012987012987, 3.4482758620689653, 0.0, 3.3333333333333335, 1.3888888888888888, 0.0]
RMSE: 2.9742484506432625
grid_scale: 0.4
resize_scale: 0.5
confiance: 0.45

random_seed: 1011
data_augmentation: True
samples: 13
total_pred: 1086
total_real: 1077
