MAE: 5.153846153846154 [2, 13, 6, 4, 4, 0, 15, 4, 2, 4, 2, 5, 6]
MAPE: 6.259815522985485 [4.3478260869565215, 5.416666666666667, 6.451612903225806, 3.0534351145038165, 7.017543859649122, 0.0, 8.982035928143713, 5.194805194805195, 3.4482758620689653, 10.81081081081081, 6.666666666666667, 6.944444444444445, 13.043478260869565]
RMSE: 6.604194471348085
grid_scale: 0.35
resize_scale: 0.5
confiance: 0.35

random_seed: 1011
data_augmentation: True
samples: 13
total_pred: 1132
total_real: 1077
