MAE: 2.6923076923076925 [4, 9, 3, 1, 0, 0, 10, 0, 2, 1, 1, 4, 0]
MAPE: 2.8817468315314048 [8.695652173913043, 3.75, 3.225806451612903, 0.7633587786259541, 0.0, 0.0, 5.9880239520958085, 0.0, 3.4482758620689653, 2.7027027027027026, 3.3333333333333335, 5.555555555555555, 0.0]
RMSE: 4.19706857406269
grid_scale: 0.35
resize_scale: 0.5
confiance: 0.35

random_seed: 1011
data_augmentation: True
samples: 13
total_pred: 1104
total_real: 1077
