MAE: 5.230769230769231 [1, 10, 6, 19, 2, 4, 4, 4, 8, 1, 3, 1, 5]
MAPE: 7.2723354398320605 [2.1739130434782608, 4.166666666666666, 6.451612903225806, 14.50381679389313, 3.508771929824561, 17.391304347826086, 2.3952095808383236, 5.194805194805195, 13.793103448275861, 2.7027027027027026, 10.0, 1.3888888888888888, 10.869565217391305]
RMSE: 7.0710678118654755
grid_scale: 0.35
resize_scale: 0.5
confiance: 0.5

random_seed: 1011
data_augmentation: True
samples: 13
total_pred: 1015
total_real: 1077
