MAE: 6.153846153846154 [7, 26, 7, 7, 4, 0, 13, 1, 4, 2, 1, 4, 4]
MAPE: 6.531407099762553 [15.217391304347828, 10.833333333333334, 7.526881720430108, 5.343511450381679, 7.017543859649122, 0.0, 7.784431137724551, 1.2987012987012987, 6.896551724137931, 5.405405405405405, 3.3333333333333335, 5.555555555555555, 8.695652173913043]
RMSE: 9.038379705030525
grid_scale: 0.25
resize_scale: 0.5
confiance: 0.4

random_seed: 1011
data_augmentation: True
samples: 13
total_pred: 1141
total_real: 1077
