MAE: 2.769230769230769 [2, 10, 1, 11, 0, 1, 1, 1, 3, 1, 0, 3, 2]
MAPE: 3.124742089693056 [4.3478260869565215, 4.166666666666666, 1.0752688172043012, 8.396946564885496, 0.0, 4.3478260869565215, 0.5988023952095809, 1.2987012987012987, 5.172413793103448, 2.7027027027027026, 0.0, 4.166666666666666, 4.3478260869565215]
RMSE: 4.402796314232057
grid_scale: 0.45
resize_scale: 0.5
confiance: 0.35

random_seed: 1011
data_augmentation: True
samples: 13
total_pred: 1079
total_real: 1077
