MAE: 4.538461538461538 [6, 12, 7, 1, 11, 2, 3, 1, 0, 5, 3, 5, 3]
MAPE: 7.261724778507425 [13.043478260869565, 5.0, 7.526881720430108, 0.7633587786259541, 19.298245614035086, 8.695652173913043, 1.7964071856287425, 1.2987012987012987, 0.0, 13.513513513513514, 10.0, 6.944444444444445, 6.521739130434782]
RMSE: 5.77128168673929
grid_scale: 0.4
resize_scale: 0.5
confiance: 0.3

random_seed: 1011
data_augmentation: True
samples: 13
total_pred: 1136
total_real: 1077
