MAE: 8.23076923076923 [4, 19, 12, 22, 5, 2, 13, 6, 7, 6, 3, 2, 6]
MAPE: 10.266161267485696 [8.695652173913043, 7.916666666666666, 12.903225806451612, 16.793893129770993, 8.771929824561402, 8.695652173913043, 7.784431137724551, 7.792207792207792, 12.068965517241379, 16.216216216216218, 10.0, 2.7777777777777777, 13.043478260869565]
RMSE: 10.276934592347303
grid_scale: 0.4
resize_scale: 0.5
confiance: 0.6

random_seed: 1011
data_augmentation: True
samples: 13
total_pred: 970
total_real: 1077
