MAE: 8.0 [2, 29, 8, 11, 6, 5, 18, 7, 0, 6, 2, 6, 4]
MAPE: 9.65207102629822 [4.3478260869565215, 12.083333333333334, 8.60215053763441, 8.396946564885496, 10.526315789473683, 21.73913043478261, 10.778443113772456, 9.090909090909092, 0.0, 16.216216216216218, 6.666666666666667, 8.333333333333332, 8.695652173913043]
RMSE: 10.940397967729862
grid_scale: 0.35
resize_scale: 0.5
confiance: 0.3

random_seed: 1011
data_augmentation: True
samples: 13
total_pred: 1181
total_real: 1077
