MAE: 10.153846153846153 [5, 13, 11, 44, 4, 0, 24, 7, 7, 2, 5, 0, 10]
MAPE: 11.389373353271651 [10.869565217391305, 5.416666666666667, 11.827956989247312, 33.587786259541986, 7.017543859649122, 0.0, 14.37125748502994, 9.090909090909092, 12.068965517241379, 5.405405405405405, 16.666666666666664, 0.0, 21.73913043478261]
RMSE: 15.36729794576282
grid_scale: 0.5
resize_scale: 0.5
confiance: 0.5

random_seed: 1011
data_augmentation: True
samples: 13
total_pred: 945
total_real: 1077
