MAE: 2.6153846153846154 [0, 3, 4, 13, 2, 0, 1, 5, 1, 1, 1, 3, 0]
MAPE: 2.923281603325571 [0.0, 1.25, 4.301075268817205, 9.923664122137405, 3.508771929824561, 0.0, 0.5988023952095809, 6.493506493506493, 1.7241379310344827, 2.7027027027027026, 3.3333333333333335, 4.166666666666666, 0.0]
RMSE: 4.260733053577301
grid_scale: 0.35
resize_scale: 0.5
confiance: 0.45

random_seed: 1011
data_augmentation: True
samples: 13
total_pred: 1069
total_real: 1077
