MAE: 8.692307692307692 [3, 20, 10, 26, 4, 2, 8, 3, 7, 9, 9, 4, 8]
MAPE: 12.245765978182767 [6.521739130434782, 8.333333333333332, 10.75268817204301, 19.84732824427481, 7.017543859649122, 8.695652173913043, 4.790419161676647, 3.896103896103896, 12.068965517241379, 24.324324324324326, 30.0, 5.555555555555555, 17.391304347826086]
RMSE: 10.986005083391674
grid_scale: 0.3
resize_scale: 0.5
confiance: 0.6

random_seed: 1011
data_augmentation: True
samples: 13
total_pred: 964
total_real: 1077
