MAE: 20.923076923076923 [9, 53, 43, 2, 34, 0, 4, 9, 18, 5, 33, 18, 44]
MAPE: 27.14551958497791 [39.130434782608695, 18.928571428571427, 44.79166666666667, 4.651162790697675, 20.35928143712575, 0.0, 8.16326530612245, 12.0, 47.368421052631575, 11.363636363636363, 12.547528517110266, 100.0, 33.587786259541986]
RMSE: 27.307367278672395
grid_scale: 0.4
resize_scale: 0.5
confiance: 0.6

random_seed: 1011
data_augmentation: True
samples: 13
total_pred: 984
total_real: 1256
