MAE: 7.3076923076923075 [6, 24, 8, 7, 12, 0, 10, 7, 2, 5, 2, 10, 2]
MAPE: 8.845067376071729 [13.043478260869565, 10.0, 8.60215053763441, 5.343511450381679, 21.052631578947366, 0.0, 5.9880239520958085, 9.090909090909092, 3.4482758620689653, 13.513513513513514, 6.666666666666667, 13.88888888888889, 4.3478260869565215]
RMSE: 9.425823775466728
grid_scale: 0.35
resize_scale: 0.5
confiance: 0.3

random_seed: 1011
data_augmentation: True
samples: 13
total_pred: 1168
total_real: 1077
