MAE: 9.0 [2, 20, 12, 24, 5, 3, 13, 8, 7, 6, 4, 4, 9]
MAPE: 11.587210272321624 [4.3478260869565215, 8.333333333333332, 12.903225806451612, 18.3206106870229, 8.771929824561402, 13.043478260869565, 7.784431137724551, 10.38961038961039, 12.068965517241379, 16.216216216216218, 13.333333333333334, 5.555555555555555, 19.565217391304348]
RMSE: 11.055802514099518
grid_scale: 0.35
resize_scale: 0.5
confiance: 0.6

random_seed: 1011
data_augmentation: True
samples: 13
total_pred: 960
total_real: 1077
