MAE: 3.769230769230769 [1, 6, 1, 19, 0, 1, 5, 1, 3, 3, 2, 5, 2]
MAPE: 4.62561516273543 [2.1739130434782608, 2.5, 1.0752688172043012, 14.50381679389313, 0.0, 4.3478260869565215, 2.9940119760479043, 1.2987012987012987, 5.172413793103448, 8.108108108108109, 6.666666666666667, 6.944444444444445, 4.3478260869565215]
RMSE: 6.057417576187702
grid_scale: 0.5
resize_scale: 0.5
confiance: 0.45

random_seed: 1011
data_augmentation: True
samples: 13
total_pred: 1042
total_real: 1077
