MAE: 2.6153846153846154 [0, 8, 3, 3, 1, 0, 9, 1, 1, 2, 1, 4, 1]
MAPE: 2.72952847770238 [0.0, 3.3333333333333335, 3.225806451612903, 2.2900763358778624, 1.7543859649122806, 0.0, 5.389221556886228, 1.2987012987012987, 1.7241379310344827, 5.405405405405405, 3.3333333333333335, 5.555555555555555, 2.1739130434782608]
RMSE: 3.802832952094854
grid_scale: 0.35
resize_scale: 0.5
confiance: 0.4

random_seed: 1011
data_augmentation: True
samples: 13
total_pred: 1101
total_real: 1077
