MAE: 8.615384615384615 [1, 17, 19, 21, 9, 4, 11, 5, 6, 4, 4, 2, 9]
MAPE: 11.446997386701538 [2.1739130434782608, 7.083333333333333, 20.43010752688172, 16.030534351145036, 15.789473684210526, 17.391304347826086, 6.58682634730539, 6.493506493506493, 10.344827586206897, 10.81081081081081, 13.333333333333334, 2.7777777777777777, 19.565217391304348]
RMSE: 10.698669938900744
grid_scale: 0.25
resize_scale: 0.5
confiance: 0.55

random_seed: 1011
data_augmentation: True
samples: 13
total_pred: 965
total_real: 1077
