MAE: 20.615384615384617 [12, 36, 29, 53, 10, 7, 44, 15, 17, 9, 11, 5, 20]
MAPE: 26.712175057537372 [26.08695652173913, 15.0, 31.182795698924732, 40.458015267175576, 17.543859649122805, 30.434782608695656, 26.34730538922156, 19.480519480519483, 29.310344827586203, 24.324324324324326, 36.666666666666664, 6.944444444444445, 43.47826086956522]
RMSE: 25.292139247052784
grid_scale: 0.45
resize_scale: 0.5
confiance: 0.6

random_seed: 1011
data_augmentation: True
samples: 13
total_pred: 809
total_real: 1077
