MAE: 9.923076923076923 [7, 26, 11, 4, 7, 7, 20, 8, 0, 8, 7, 14, 10]
MAPE: 14.780906864038304 [15.217391304347828, 10.833333333333334, 11.827956989247312, 3.0534351145038165, 12.280701754385964, 30.434782608695656, 11.976047904191617, 10.38961038961039, 0.0, 21.62162162162162, 23.333333333333332, 19.444444444444446, 21.73913043478261]
RMSE: 11.874342087037917
grid_scale: 0.25
resize_scale: 0.5
confiance: 0.3

random_seed: 1011
data_augmentation: True
samples: 13
total_pred: 1206
total_real: 1077
