MAE: 6.153846153846154 [11, 24, 5, 0, 6, 1, 13, 1, 2, 5, 4, 5, 3]
MAPE: 8.231382166225652 [23.91304347826087, 10.0, 5.376344086021505, 0.0, 10.526315789473683, 4.3478260869565215, 7.784431137724551, 1.2987012987012987, 3.4482758620689653, 13.513513513513514, 13.333333333333334, 6.944444444444445, 6.521739130434782]
RMSE: 8.805592628464114
grid_scale: 0.25
resize_scale: 0.5
confiance: 0.35

random_seed: 1011
data_augmentation: True
samples: 13
total_pred: 1157
total_real: 1077
