MAE: 4.0 [1, 12, 5, 7, 3, 0, 7, 3, 1, 3, 1, 7, 2]
MAPE: 4.498482678372609 [2.1739130434782608, 5.0, 5.376344086021505, 5.343511450381679, 5.263157894736842, 0.0, 4.191616766467066, 3.896103896103896, 1.7241379310344827, 8.108108108108109, 3.3333333333333335, 9.722222222222223, 4.3478260869565215]
RMSE: 5.188745216627709
grid_scale: 0.4
resize_scale: 0.5
confiance: 0.4

random_seed: 1011
data_augmentation: True
samples: 13
total_pred: 1079
total_real: 1077
