MAE: 2.6923076923076925 [4, 11, 2, 1, 0, 1, 1, 1, 2, 2, 2, 7, 1]
MAPE: 3.834976530845373 [8.695652173913043, 4.583333333333333, 2.1505376344086025, 0.7633587786259541, 0.0, 4.3478260869565215, 0.5988023952095809, 1.2987012987012987, 3.4482758620689653, 5.405405405405405, 6.666666666666667, 9.722222222222223, 2.1739130434782608]
RMSE: 3.9903730305670577
grid_scale: 0.3
resize_scale: 0.5
confiance: 0.4

random_seed: 1011
data_augmentation: True
samples: 13
total_pred: 1104
total_real: 1077
