MAE: 8.461538461538462 [2, 21, 16, 3, 11, 1, 1, 3, 15, 1, 1, 18, 17]
MAPE: 16.2322092630237 [8.695652173913043, 7.5, 16.666666666666664, 6.976744186046512, 6.58682634730539, 3.4482758620689653, 2.0408163265306123, 4.0, 39.473684210526315, 2.272727272727273, 0.38022813688212925, 100.0, 12.977099236641221]
RMSE: 11.374735838014674
grid_scale: 0.35
resize_scale: 0.5
confiance: 0.5

random_seed: 1011
data_augmentation: True
samples: 13
total_pred: 1192
total_real: 1256
