MAE: 18.153846153846153 [4, 31, 44, 4, 32, 1, 4, 3, 17, 6, 33, 18, 39]
MAPE: 24.543333559540812 [17.391304347826086, 11.071428571428571, 45.83333333333333, 9.30232558139535, 19.16167664670659, 3.4482758620689653, 8.16326530612245, 4.0, 44.73684210526316, 13.636363636363635, 12.547528517110266, 100.0, 29.770992366412212]
RMSE: 23.595957932858557
grid_scale: 0.3
resize_scale: 0.5
confiance: 0.6

random_seed: 1011
data_augmentation: True
samples: 13
total_pred: 1022
total_real: 1256
