MAE: 3.3846153846153846 [1, 10, 5, 12, 2, 0, 3, 0, 1, 5, 2, 0, 3]
MAPE: 4.2006511920600484 [2.1739130434782608, 4.166666666666666, 5.376344086021505, 9.16030534351145, 3.508771929824561, 0.0, 1.7964071856287425, 0.0, 1.7241379310344827, 13.513513513513514, 6.666666666666667, 0.0, 6.521739130434782]
RMSE: 4.97686957526825
grid_scale: 0.25
resize_scale: 0.5
confiance: 0.5

random_seed: 1011
data_augmentation: True
samples: 13
total_pred: 1045
total_real: 1077
