MAE: 4.384615384615385 [0, 0, 9, 21, 2, 3, 7, 3, 1, 0, 2, 2, 7]
MAPE: 5.902607556851968 [0.0, 0.0, 9.67741935483871, 16.030534351145036, 3.508771929824561, 13.043478260869565, 4.191616766467066, 3.896103896103896, 1.7241379310344827, 0.0, 6.666666666666667, 2.7777777777777777, 15.217391304347828]
RMSE: 7.076505004373493
grid_scale: 0.5
resize_scale: 0.5
confiance: 0.4

random_seed: 1011
data_augmentation: True
samples: 13
total_pred: 1028
total_real: 1077
