MAE: 2.5384615384615383 [2, 4, 2, 5, 1, 1, 7, 0, 2, 2, 1, 5, 1]
MAPE: 3.3523865529406027 [4.3478260869565215, 1.6666666666666667, 2.1505376344086025, 3.816793893129771, 1.7543859649122806, 4.3478260869565215, 4.191616766467066, 0.0, 3.4482758620689653, 5.405405405405405, 3.3333333333333335, 6.944444444444445, 2.1739130434782608]
RMSE: 3.222516933177448
grid_scale: 0.3
resize_scale: 0.5
confiance: 0.45

random_seed: 1011
data_augmentation: True
samples: 13
total_pred: 1088
total_real: 1077
