MAE: 17.153846153846153 [7, 35, 40, 8, 26, 0, 2, 5, 14, 5, 22, 18, 41]
MAPE: 24.41474866116886 [30.434782608695656, 12.5, 41.66666666666667, 18.6046511627907, 15.568862275449103, 0.0, 4.081632653061225, 6.666666666666667, 36.84210526315789, 11.363636363636363, 8.365019011406844, 100.0, 31.297709923664126]
RMSE: 22.106386129177867
grid_scale: 0.25
resize_scale: 0.5
confiance: 0.6

random_seed: 1011
data_augmentation: True
samples: 13
total_pred: 1033
total_real: 1256
