MAE: 4.3076923076923075 [4, 5, 4, 17, 2, 2, 6, 2, 4, 0, 3, 3, 4]
MAPE: 5.862359357678471 [8.695652173913043, 2.083333333333333, 4.301075268817205, 12.977099236641221, 3.508771929824561, 8.695652173913043, 3.592814371257485, 2.5974025974025974, 6.896551724137931, 0.0, 10.0, 4.166666666666666, 8.695652173913043]
RMSE: 5.844129204068486
grid_scale: 0.45
resize_scale: 0.5
confiance: 0.4

random_seed: 1011
data_augmentation: True
samples: 13
total_pred: 1049
total_real: 1077
