MAE: 4.461538461538462 [3, 15, 4, 7, 0, 1, 4, 5, 3, 1, 0, 12, 3]
MAPE: 5.132030023372508 [6.521739130434782, 6.25, 4.301075268817205, 5.343511450381679, 0.0, 4.3478260869565215, 2.3952095808383236, 6.493506493506493, 5.172413793103448, 2.7027027027027026, 0.0, 16.666666666666664, 6.521739130434782]
RMSE: 6.22649425995325
grid_scale: 0.25
resize_scale: 0.5
confiance: 0.4

random_seed: 1011
data_augmentation: True
samples: 13
total_pred: 1115
total_real: 1077
