MAE: 5.3076923076923075 [8, 16, 1, 5, 4, 3, 10, 1, 1, 4, 10, 5, 1]
MAPE: 8.560340050711073 [17.391304347826086, 6.666666666666667, 1.0752688172043012, 3.816793893129771, 7.017543859649122, 13.043478260869565, 5.9880239520958085, 1.2987012987012987, 1.7241379310344827, 10.81081081081081, 33.33333333333333, 6.944444444444445, 2.1739130434782608]
RMSE: 6.878058760122096
grid_scale: 0.3
resize_scale: 0.5
confiance: 0.35

random_seed: 1011
data_augmentation: True
samples: 13
total_pred: 1144
total_real: 1077
