MAE: 18.53846153846154 [5, 46, 33, 42, 11, 9, 30, 11, 15, 4, 10, 8, 17]
MAPE: 23.564114157895258 [10.869565217391305, 19.166666666666668, 35.483870967741936, 32.06106870229007, 19.298245614035086, 39.130434782608695, 17.964071856287426, 14.285714285714285, 25.862068965517242, 10.81081081081081, 33.33333333333333, 11.11111111111111, 36.95652173913043]
RMSE: 23.056786085996126
grid_scale: 0.25
resize_scale: 0.5
confiance: 0.6

random_seed: 1011
data_augmentation: True
samples: 13
total_pred: 836
total_real: 1077
