MAE: 3.923076923076923 [1, 1, 4, 15, 1, 1, 6, 6, 4, 4, 1, 3, 4]
MAPE: 5.364021967888254 [2.1739130434782608, 0.4166666666666667, 4.301075268817205, 11.450381679389313, 1.7543859649122806, 4.3478260869565215, 3.592814371257485, 7.792207792207792, 6.896551724137931, 10.81081081081081, 3.3333333333333335, 4.166666666666666, 8.695652173913043]
RMSE: 5.370861555295747
grid_scale: 0.3
resize_scale: 0.5
confiance: 0.45

random_seed: 1011
data_augmentation: True
samples: 13
total_pred: 1036
total_real: 1077
