MAE: 3.769230769230769 [0, 0, 1, 23, 0, 2, 5, 3, 5, 0, 5, 0, 5]
MAPE: 5.413477716222806 [0.0, 0.0, 1.0752688172043012, 17.557251908396946, 0.0, 8.695652173913043, 2.9940119760479043, 3.896103896103896, 8.620689655172415, 0.0, 16.666666666666664, 0.0, 10.869565217391305]
RMSE: 7.032889766059074
grid_scale: 0.45
resize_scale: 0.5
confiance: 0.45

random_seed: 1011
data_augmentation: True
samples: 13
total_pred: 1028
total_real: 1077
