MAE: 20.0 [12, 50, 26, 50, 8, 7, 44, 12, 11, 6, 11, 3, 20]
MAPE: 24.533856691985168 [26.08695652173913, 20.833333333333336, 27.956989247311824, 38.16793893129771, 14.035087719298245, 30.434782608695656, 26.34730538922156, 15.584415584415584, 18.96551724137931, 16.216216216216218, 36.666666666666664, 4.166666666666666, 43.47826086956522]
RMSE: 25.86949495507729
grid_scale: 0.5
resize_scale: 0.5
confiance: 0.6

random_seed: 1011
data_augmentation: True
samples: 13
total_pred: 817
total_real: 1077
