MAE: 2.769230769230769 [4, 0, 1, 10, 2, 1, 3, 0, 4, 4, 2, 3, 2]
MAPE: 4.611233533463484 [8.695652173913043, 0.0, 1.0752688172043012, 7.633587786259542, 3.508771929824561, 4.3478260869565215, 1.7964071856287425, 0.0, 6.896551724137931, 10.81081081081081, 6.666666666666667, 4.166666666666666, 4.3478260869565215]
RMSE: 3.721042037676254
grid_scale: 0.35
resize_scale: 0.5
confiance: 0.45

random_seed: 1011
data_augmentation: True
samples: 13
total_pred: 1065
total_real: 1077
