MAE: 11.615384615384615 [5, 15, 18, 36, 7, 2, 27, 10, 8, 6, 4, 1, 12]
MAPE: 14.223449996309784 [10.869565217391305, 6.25, 19.35483870967742, 27.480916030534353, 12.280701754385964, 8.695652173913043, 16.16766467065868, 12.987012987012985, 13.793103448275861, 16.216216216216218, 13.333333333333334, 1.3888888888888888, 26.08695652173913]
RMSE: 15.22396895586794
grid_scale: 0.5
resize_scale: 0.5
confiance: 0.5

random_seed: 1011
data_augmentation: True
samples: 13
total_pred: 928
total_real: 1077
