MAE: 5.076923076923077 [2, 9, 7, 12, 4, 2, 13, 5, 4, 2, 3, 0, 3]
MAPE: 6.430757159666878 [4.3478260869565215, 3.75, 7.526881720430108, 9.16030534351145, 7.017543859649122, 8.695652173913043, 7.784431137724551, 6.493506493506493, 6.896551724137931, 5.405405405405405, 10.0, 0.0, 6.521739130434782]
RMSE: 6.385078759829887
grid_scale: 0.3
resize_scale: 0.5
confiance: 0.5

random_seed: 1011
data_augmentation: True
samples: 13
total_pred: 1015
total_real: 1077
