MAE: 10.538461538461538 [4, 29, 9, 30, 5, 3, 12, 7, 11, 9, 4, 4, 10]
MAPE: 13.489767309930297 [8.695652173913043, 12.083333333333334, 9.67741935483871, 22.900763358778626, 8.771929824561402, 13.043478260869565, 7.18562874251497, 9.090909090909092, 18.96551724137931, 24.324324324324326, 13.333333333333334, 5.555555555555555, 21.73913043478261]
RMSE: 13.584493422224531
grid_scale: 0.25
resize_scale: 0.5
confiance: 0.6

random_seed: 1011
data_augmentation: True
samples: 13
total_pred: 940
total_real: 1077
