MAE: 4.153846153846154 [8, 11, 7, 2, 5, 0, 10, 4, 2, 0, 0, 4, 1]
MAPE: 4.781595414723586 [17.391304347826086, 4.583333333333333, 7.526881720430108, 1.5267175572519083, 8.771929824561402, 0.0, 5.9880239520958085, 5.194805194805195, 3.4482758620689653, 0.0, 0.0, 5.555555555555555, 2.1739130434782608]
RMSE: 5.547001962252291
grid_scale: 0.45
resize_scale: 0.5
confiance: 0.3

random_seed: 1011
data_augmentation: True
samples: 13
total_pred: 1127
total_real: 1077
