MAE: 20.384615384615383 [6, 53, 36, 48, 9, 6, 36, 13, 10, 8, 12, 11, 17]
MAPE: 24.760880319468434 [13.043478260869565, 22.083333333333332, 38.70967741935484, 36.6412213740458, 15.789473684210526, 26.08695652173913, 21.55688622754491, 16.883116883116884, 17.24137931034483, 21.62162162162162, 40.0, 15.277777777777779, 36.95652173913043]
RMSE: 25.936312530741677
grid_scale: 0.4
resize_scale: 0.5
confiance: 0.6

random_seed: 1011
data_augmentation: True
samples: 13
total_pred: 812
total_real: 1077
