MAE: 2.6153846153846154 [2, 2, 1, 3, 1, 1, 6, 2, 4, 4, 2, 5, 1]
MAPE: 4.179332329495309 [4.3478260869565215, 0.8333333333333334, 1.0752688172043012, 2.2900763358778624, 1.7543859649122806, 4.3478260869565215, 3.592814371257485, 2.5974025974025974, 6.896551724137931, 10.81081081081081, 6.666666666666667, 6.944444444444445, 2.1739130434782608]
RMSE: 3.063431961806135
grid_scale: 0.35
resize_scale: 0.5
confiance: 0.4

random_seed: 1011
data_augmentation: True
samples: 13
total_pred: 1091
total_real: 1077
