MAE: 2.6923076923076925 [0, 3, 2, 10, 1, 1, 9, 1, 3, 0, 2, 0, 3]
MAPE: 3.2450061475637977 [0.0, 1.25, 2.1505376344086025, 7.633587786259542, 1.7543859649122806, 4.3478260869565215, 5.389221556886228, 1.2987012987012987, 5.172413793103448, 0.0, 6.666666666666667, 0.0, 6.521739130434782]
RMSE: 4.104406637524338
grid_scale: 0.5
resize_scale: 0.5
confiance: 0.4

random_seed: 1011
data_augmentation: True
samples: 13
total_pred: 1050
total_real: 1077
