MAE: 15.0 [3, 41, 18, 46, 2, 4, 34, 9, 10, 5, 8, 3, 12]
MAPE: 16.822866697866022 [6.521739130434782, 17.083333333333332, 19.35483870967742, 35.11450381679389, 3.508771929824561, 17.391304347826086, 20.35928143712575, 11.688311688311687, 17.24137931034483, 13.513513513513514, 26.666666666666668, 4.166666666666666, 26.08695652173913]
RMSE: 20.992672714361735
grid_scale: 0.45
resize_scale: 0.5
confiance: 0.55

random_seed: 1011
data_augmentation: True
samples: 13
total_pred: 882
total_real: 1077
