MAE: 9.076923076923077 [1, 22, 7, 24, 6, 0, 15, 13, 8, 4, 6, 1, 11]
MAPE: 11.037337488043741 [2.1739130434782608, 9.166666666666666, 7.526881720430108, 18.3206106870229, 10.526315789473683, 0.0, 8.982035928143713, 16.883116883116884, 13.793103448275861, 10.81081081081081, 20.0, 1.3888888888888888, 23.91304347826087]
RMSE: 11.694837782937853
grid_scale: 0.4
resize_scale: 0.5
confiance: 0.55

random_seed: 1011
data_augmentation: True
samples: 13
total_pred: 961
total_real: 1077
