MAE: 3.6923076923076925 [0, 2, 5, 8, 5, 0, 6, 3, 1, 1, 5, 7, 5]
MAPE: 5.4048223446386645 [0.0, 0.8333333333333334, 5.376344086021505, 6.106870229007633, 8.771929824561402, 0.0, 3.592814371257485, 3.896103896103896, 1.7241379310344827, 2.7027027027027026, 16.666666666666664, 9.722222222222223, 10.869565217391305]
RMSE: 4.506405697192864
grid_scale: 0.45
resize_scale: 0.5
confiance: 0.4

random_seed: 1011
data_augmentation: True
samples: 13
total_pred: 1059
total_real: 1077
