MAE: 4.769230769230769 [1, 6, 2, 20, 1, 1, 9, 3, 7, 1, 3, 2, 6]
MAPE: 6.0055452318351 [2.1739130434782608, 2.5, 2.1505376344086025, 15.267175572519085, 1.7543859649122806, 4.3478260869565215, 5.389221556886228, 3.896103896103896, 12.068965517241379, 2.7027027027027026, 10.0, 2.7777777777777777, 13.043478260869565]
RMSE: 6.9724733499228675
grid_scale: 0.4
resize_scale: 0.5
confiance: 0.45

random_seed: 1011
data_augmentation: True
samples: 13
total_pred: 1035
total_real: 1077
