MAE: 8.23076923076923 [5, 28, 8, 8, 6, 2, 21, 7, 4, 4, 3, 6, 5]
MAPE: 9.618710853082339 [10.869565217391305, 11.666666666666666, 8.60215053763441, 6.106870229007633, 10.526315789473683, 8.695652173913043, 12.574850299401197, 9.090909090909092, 6.896551724137931, 10.81081081081081, 10.0, 8.333333333333332, 10.869565217391305]
RMSE: 10.986005083391674
grid_scale: 0.3
resize_scale: 0.5
confiance: 0.3

random_seed: 1011
data_augmentation: True
samples: 13
total_pred: 1184
total_real: 1077
