MAE: 6.230769230769231 [2, 20, 3, 19, 1, 3, 15, 6, 4, 0, 3, 2, 3]
MAPE: 6.782996864944594 [4.3478260869565215, 8.333333333333332, 3.225806451612903, 14.50381679389313, 1.7543859649122806, 13.043478260869565, 8.982035928143713, 7.792207792207792, 6.896551724137931, 0.0, 10.0, 2.7777777777777777, 6.521739130434782]
RMSE: 9.127304766889967
grid_scale: 0.25
resize_scale: 0.5
confiance: 0.55

random_seed: 1011
data_augmentation: True
samples: 13
total_pred: 1000
total_real: 1077
