MAE: 12.76923076923077 [8, 25, 15, 32, 8, 7, 25, 15, 8, 1, 8, 0, 14]
MAPE: 16.99093763874474 [17.391304347826086, 10.416666666666668, 16.129032258064516, 24.427480916030532, 14.035087719298245, 30.434782608695656, 14.97005988023952, 19.480519480519483, 13.793103448275861, 2.7027027027027026, 26.666666666666668, 0.0, 30.434782608695656]
RMSE: 15.752899610987374
grid_scale: 0.4
resize_scale: 0.5
confiance: 0.55

random_seed: 1011
data_augmentation: True
samples: 13
total_pred: 911
total_real: 1077
