MAE: 9.153846153846153 [10, 32, 3, 16, 10, 8, 16, 2, 1, 3, 6, 8, 4]
MAPE: 12.665825328264749 [21.73913043478261, 13.333333333333334, 3.225806451612903, 12.213740458015266, 17.543859649122805, 34.78260869565217, 9.580838323353294, 2.5974025974025974, 1.7241379310344827, 8.108108108108109, 20.0, 11.11111111111111, 8.695652173913043]
RMSE: 12.212855773890322
grid_scale: 0.25
resize_scale: 0.5
confiance: 0.3

random_seed: 1011
data_augmentation: True
samples: 13
total_pred: 1196
total_real: 1077
