MAE: 10.153846153846153 [4, 26, 10, 39, 4, 5, 25, 4, 3, 1, 3, 1, 7]
MAPE: 11.035046315709302 [8.695652173913043, 10.833333333333334, 10.75268817204301, 29.770992366412212, 7.017543859649122, 21.73913043478261, 14.97005988023952, 5.194805194805195, 5.172413793103448, 2.7027027027027026, 10.0, 1.3888888888888888, 15.217391304347828]
RMSE: 15.352273697804755
grid_scale: 0.5
resize_scale: 0.5
confiance: 0.5

random_seed: 1011
data_augmentation: True
samples: 13
total_pred: 945
total_real: 1077
