MAE: 3.8461538461538463 [0, 2, 5, 20, 2, 2, 1, 3, 2, 2, 4, 3, 4]
MAPE: 5.6327320637163405 [0.0, 0.8333333333333334, 5.376344086021505, 15.267175572519085, 3.508771929824561, 8.695652173913043, 0.5988023952095809, 3.896103896103896, 3.4482758620689653, 5.405405405405405, 13.333333333333334, 4.166666666666666, 8.695652173913043]
RMSE: 6.176879969195302
grid_scale: 0.25
resize_scale: 0.5
confiance: 0.5

random_seed: 1011
data_augmentation: True
samples: 13
total_pred: 1037
total_real: 1077
