MAE: 5.6923076923076925 [6, 16, 4, 9, 2, 0, 15, 0, 0, 6, 3, 10, 3]
MAPE: 6.923007792115014 [13.043478260869565, 6.666666666666667, 4.301075268817205, 6.870229007633588, 3.508771929824561, 0.0, 8.982035928143713, 0.0, 0.0, 16.216216216216218, 10.0, 13.88888888888889, 6.521739130434782]
RMSE: 7.706141406995812
grid_scale: 0.3
resize_scale: 0.5
confiance: 0.3

random_seed: 1011
data_augmentation: True
samples: 13
total_pred: 1151
total_real: 1077
