MAE: 2.8461538461538463 [2, 3, 1, 13, 3, 2, 2, 2, 3, 0, 2, 1, 3]
MAPE: 4.16156038168182 [4.3478260869565215, 1.25, 1.0752688172043012, 9.923664122137405, 5.263157894736842, 8.695652173913043, 1.1976047904191618, 2.5974025974025974, 5.172413793103448, 0.0, 6.666666666666667, 1.3888888888888888, 6.521739130434782]
RMSE: 4.178700570935714
grid_scale: 0.45
resize_scale: 0.5
confiance: 0.45

random_seed: 1011
data_augmentation: True
samples: 13
total_pred: 1054
total_real: 1077
