MAE: 3.0 [1, 7, 2, 10, 4, 0, 1, 2, 5, 0, 3, 1, 3]
MAPE: 3.970751665966958 [2.1739130434782608, 2.9166666666666665, 2.1505376344086025, 7.633587786259542, 7.017543859649122, 0.0, 0.5988023952095809, 2.5974025974025974, 8.620689655172415, 0.0, 10.0, 1.3888888888888888, 6.521739130434782]
RMSE: 4.104406637524338
grid_scale: 0.3
resize_scale: 0.5
confiance: 0.5

random_seed: 1011
data_augmentation: True
samples: 13
total_pred: 1042
total_real: 1077
