MAE: 3.5384615384615383 [1, 1, 5, 18, 0, 4, 3, 0, 2, 2, 3, 5, 2]
MAPE: 5.464695780289521 [2.1739130434782608, 0.4166666666666667, 5.376344086021505, 13.740458015267176, 0.0, 17.391304347826086, 1.7964071856287425, 0.0, 3.4482758620689653, 5.405405405405405, 10.0, 6.944444444444445, 4.3478260869565215]
RMSE: 5.697502826812678
grid_scale: 0.4
resize_scale: 0.5
confiance: 0.45

random_seed: 1011
data_augmentation: True
samples: 13
total_pred: 1045
total_real: 1077
