MAE: 6.384615384615385 [3, 23, 3, 2, 6, 6, 11, 3, 5, 5, 3, 7, 6]
MAPE: 9.450284821464058 [6.521739130434782, 9.583333333333334, 3.225806451612903, 1.5267175572519083, 10.526315789473683, 26.08695652173913, 6.58682634730539, 3.896103896103896, 8.620689655172415, 13.513513513513514, 10.0, 9.722222222222223, 13.043478260869565]
RMSE: 8.306623862918075
grid_scale: 0.25
resize_scale: 0.5
confiance: 0.35

random_seed: 1011
data_augmentation: True
samples: 13
total_pred: 1160
total_real: 1077
