MAE: 10.23076923076923 [2, 19, 24, 2, 21, 2, 3, 2, 15, 2, 1, 18, 22]
MAPE: 18.0451005340582 [8.695652173913043, 6.785714285714286, 25.0, 4.651162790697675, 12.574850299401197, 6.896551724137931, 6.122448979591836, 2.666666666666667, 39.473684210526315, 4.545454545454546, 0.38022813688212925, 100.0, 16.793893129770993]
RMSE: 13.702891328811988
grid_scale: 0.4
resize_scale: 0.5
confiance: 0.5

random_seed: 1011
data_augmentation: True
samples: 13
total_pred: 1165
total_real: 1256
