MAE: 7.923076923076923 [1, 18, 8, 35, 2, 1, 13, 5, 5, 1, 4, 1, 9]
MAPE: 8.672229880956529 [2.1739130434782608, 7.5, 8.60215053763441, 26.717557251908396, 3.508771929824561, 4.3478260869565215, 7.784431137724551, 6.493506493506493, 8.620689655172415, 2.7027027027027026, 13.333333333333334, 1.3888888888888888, 19.565217391304348]
RMSE: 12.206555615733702
grid_scale: 0.5
resize_scale: 0.5
confiance: 0.45

random_seed: 1011
data_augmentation: True
samples: 13
total_pred: 976
total_real: 1077
