MAE: 3.1538461538461537 [0, 2, 2, 13, 3, 1, 2, 6, 3, 0, 4, 4, 1]
MAPE: 4.441811336897713 [0.0, 0.8333333333333334, 2.1505376344086025, 9.923664122137405, 5.263157894736842, 4.3478260869565215, 1.1976047904191618, 7.792207792207792, 5.172413793103448, 0.0, 13.333333333333334, 5.555555555555555, 2.1739130434782608]
RMSE: 4.548879828299237
grid_scale: 0.25
resize_scale: 0.5
confiance: 0.5

random_seed: 1011
data_augmentation: True
samples: 13
total_pred: 1056
total_real: 1077
