MAE: 9.307692307692308 [1, 19, 11, 25, 5, 3, 16, 16, 9, 2, 4, 0, 10]
MAPE: 11.474852608144449 [2.1739130434782608, 7.916666666666666, 11.827956989247312, 19.083969465648856, 8.771929824561402, 13.043478260869565, 9.580838323353294, 20.77922077922078, 15.517241379310345, 5.405405405405405, 13.333333333333334, 0.0, 21.73913043478261]
RMSE: 11.945388553425447
grid_scale: 0.3
resize_scale: 0.5
confiance: 0.55

random_seed: 1011
data_augmentation: True
samples: 13
total_pred: 956
total_real: 1077
