MAE: 4.076923076923077 [2, 2, 1, 17, 0, 3, 7, 5, 3, 0, 5, 4, 4]
MAPE: 6.080955168016708 [4.3478260869565215, 0.8333333333333334, 1.0752688172043012, 12.977099236641221, 0.0, 13.043478260869565, 4.191616766467066, 6.493506493506493, 5.172413793103448, 0.0, 16.666666666666664, 5.555555555555555, 8.695652173913043]
RMSE: 5.863839645199669
grid_scale: 0.4
resize_scale: 0.5
confiance: 0.45

random_seed: 1011
data_augmentation: True
samples: 13
total_pred: 1038
total_real: 1077
