MAE: 19.76923076923077 [10, 52, 22, 51, 6, 8, 35, 14, 19, 5, 13, 5, 17]
MAPE: 24.91909761609414 [21.73913043478261, 21.666666666666668, 23.655913978494624, 38.93129770992366, 10.526315789473683, 34.78260869565217, 20.958083832335326, 18.181818181818183, 32.758620689655174, 13.513513513513514, 43.333333333333336, 6.944444444444445, 36.95652173913043]
RMSE: 25.23581094092587
grid_scale: 0.45
resize_scale: 0.5
confiance: 0.6

random_seed: 1011
data_augmentation: True
samples: 13
total_pred: 820
total_real: 1077
