MAE: 3.6923076923076925 [1, 1, 0, 15, 3, 2, 6, 1, 4, 5, 2, 2, 6]
MAPE: 5.829944236239105 [2.1739130434782608, 0.4166666666666667, 0.0, 11.450381679389313, 5.263157894736842, 8.695652173913043, 3.592814371257485, 1.2987012987012987, 6.896551724137931, 13.513513513513514, 6.666666666666667, 2.7777777777777777, 13.043478260869565]
RMSE: 5.27694550342846
grid_scale: 0.4
resize_scale: 0.5
confiance: 0.5

random_seed: 1011
data_augmentation: True
samples: 13
total_pred: 1041
total_real: 1077
