MAE: 3.1538461538461537 [3, 18, 2, 1, 2, 3, 0, 1, 0, 2, 0, 5, 4]
MAPE: 4.29477608127905 [6.521739130434782, 7.5, 2.1505376344086025, 0.7633587786259541, 3.508771929824561, 13.043478260869565, 0.0, 1.2987012987012987, 0.0, 5.405405405405405, 0.0, 6.944444444444445, 8.695652173913043]
RMSE: 5.526161555588249
grid_scale: 0.4
resize_scale: 0.5
confiance: 0.35

random_seed: 1011
data_augmentation: True
samples: 13
total_pred: 1110
total_real: 1077
