MAE: 8.23076923076923 [1, 11, 10, 28, 7, 3, 15, 8, 8, 6, 3, 1, 6]
MAPE: 10.617037961357036 [2.1739130434782608, 4.583333333333333, 10.75268817204301, 21.374045801526716, 12.280701754385964, 13.043478260869565, 8.982035928143713, 10.38961038961039, 13.793103448275861, 16.216216216216218, 10.0, 1.3888888888888888, 13.043478260869565]
RMSE: 10.738141939259897
grid_scale: 0.25
resize_scale: 0.5
confiance: 0.55

random_seed: 1011
data_augmentation: True
samples: 13
total_pred: 972
total_real: 1077
