MAE: 2.769230769230769 [3, 4, 3, 4, 2, 0, 8, 3, 0, 2, 3, 4, 0]
MAPE: 3.663377177829557 [6.521739130434782, 1.6666666666666667, 3.225806451612903, 3.0534351145038165, 3.508771929824561, 0.0, 4.790419161676647, 3.896103896103896, 0.0, 5.405405405405405, 10.0, 5.555555555555555, 0.0]
RMSE: 3.4641016151377544
grid_scale: 0.5
resize_scale: 0.5
confiance: 0.35

random_seed: 1011
data_augmentation: True
samples: 13
total_pred: 1069
total_real: 1077
