MAE: 7.923076923076923 [3, 32, 4, 10, 5, 1, 19, 0, 2, 9, 1, 15, 2]
MAPE: 8.659525375335484 [6.521739130434782, 13.333333333333334, 4.301075268817205, 7.633587786259542, 8.771929824561402, 4.3478260869565215, 11.377245508982035, 0.0, 3.4482758620689653, 24.324324324324326, 3.3333333333333335, 20.833333333333336, 4.3478260869565215]
RMSE: 11.932502477880128
grid_scale: 0.4
resize_scale: 0.5
confiance: 0.3

random_seed: 1011
data_augmentation: True
samples: 13
total_pred: 1172
total_real: 1077
