MAE: 12.0 [6, 23, 21, 27, 8, 3, 18, 13, 8, 4, 8, 6, 11]
MAPE: 15.698094422522976 [13.043478260869565, 9.583333333333334, 22.58064516129032, 20.610687022900763, 14.035087719298245, 13.043478260869565, 10.778443113772456, 16.883116883116884, 13.793103448275861, 10.81081081081081, 26.666666666666668, 8.333333333333332, 23.91304347826087]
RMSE: 14.147573861049327
grid_scale: 0.3
resize_scale: 0.5
confiance: 0.55

random_seed: 1011
data_augmentation: True
samples: 13
total_pred: 921
total_real: 1077
