MAE: 4.615384615384615 [7, 15, 1, 3, 5, 1, 9, 2, 1, 3, 2, 10, 1]
MAPE: 6.038525473954858 [15.217391304347828, 6.25, 1.0752688172043012, 2.2900763358778624, 8.771929824561402, 4.3478260869565215, 5.389221556886228, 2.5974025974025974, 1.7241379310344827, 8.108108108108109, 6.666666666666667, 13.88888888888889, 2.1739130434782608]
RMSE: 6.2634470725607025
grid_scale: 0.3
resize_scale: 0.5
confiance: 0.3

random_seed: 1011
data_augmentation: True
samples: 13
total_pred: 1133
total_real: 1077
