MAE: 5.0 [1, 5, 6, 19, 2, 3, 9, 3, 6, 3, 3, 1, 4]
MAPE: 6.8913637288255165 [2.1739130434782608, 2.083333333333333, 6.451612903225806, 14.50381679389313, 3.508771929824561, 13.043478260869565, 5.389221556886228, 3.896103896103896, 10.344827586206897, 8.108108108108109, 10.0, 1.3888888888888888, 8.695652173913043]
RMSE: 6.7766567659190855
grid_scale: 0.4
resize_scale: 0.5
confiance: 0.5

random_seed: 1011
data_augmentation: True
samples: 13
total_pred: 1014
total_real: 1077
