MAE: 16.76923076923077 [6, 37, 25, 57, 6, 5, 32, 9, 8, 5, 6, 6, 16]
MAPE: 19.414716099182506 [13.043478260869565, 15.416666666666668, 26.881720430107524, 43.51145038167939, 10.526315789473683, 21.73913043478261, 19.16167664670659, 11.688311688311687, 13.793103448275861, 13.513513513513514, 20.0, 8.333333333333332, 34.78260869565217]
RMSE: 22.974902695031243
grid_scale: 0.5
resize_scale: 0.5
confiance: 0.55

random_seed: 1011
data_augmentation: True
samples: 13
total_pred: 859
total_real: 1077
