MAE: 11.076923076923077 [7, 29, 8, 32, 7, 3, 25, 6, 8, 2, 8, 3, 6]
MAPE: 13.191701863610238 [15.217391304347828, 12.083333333333334, 8.60215053763441, 24.427480916030532, 12.280701754385964, 13.043478260869565, 14.97005988023952, 7.792207792207792, 13.793103448275861, 5.405405405405405, 26.666666666666668, 4.166666666666666, 13.043478260869565]
RMSE: 14.868655725280718
grid_scale: 0.45
resize_scale: 0.5
confiance: 0.55

random_seed: 1011
data_augmentation: True
samples: 13
total_pred: 933
total_real: 1077
