MAE: 4.769230769230769 [0, 17, 6, 6, 1, 2, 7, 2, 4, 10, 1, 1, 5]
MAPE: 6.52842481552218 [0.0, 7.083333333333333, 6.451612903225806, 4.580152671755725, 1.7543859649122806, 8.695652173913043, 4.191616766467066, 2.5974025974025974, 6.896551724137931, 27.027027027027028, 3.3333333333333335, 1.3888888888888888, 10.869565217391305]
RMSE: 6.575010968110185
grid_scale: 0.4
resize_scale: 0.5
confiance: 0.3

random_seed: 1011
data_augmentation: True
samples: 13
total_pred: 1139
total_real: 1077
