MAE: 5.538461538461538 [7, 14, 7, 8, 7, 1, 10, 0, 2, 6, 1, 6, 3]
MAPE: 7.319532788918755 [15.217391304347828, 5.833333333333333, 7.526881720430108, 6.106870229007633, 12.280701754385964, 4.3478260869565215, 5.9880239520958085, 0.0, 3.4482758620689653, 16.216216216216218, 3.3333333333333335, 8.333333333333332, 6.521739130434782]
RMSE: 6.7596085457892965
grid_scale: 0.45
resize_scale: 0.5
confiance: 0.3

random_seed: 1011
data_augmentation: True
samples: 13
total_pred: 1145
total_real: 1077
