MAE: 3.230769230769231 [1, 3, 4, 13, 6, 2, 2, 1, 2, 3, 2, 2, 1]
MAPE: 4.810897534233834 [2.1739130434782608, 1.25, 4.301075268817205, 9.923664122137405, 10.526315789473683, 8.695652173913043, 1.1976047904191618, 1.2987012987012987, 3.4482758620689653, 8.108108108108109, 6.666666666666667, 2.7777777777777777, 2.1739130434782608]
RMSE: 4.489303526589191
grid_scale: 0.45
resize_scale: 0.5
confiance: 0.4

random_seed: 1011
data_augmentation: True
samples: 13
total_pred: 1075
total_real: 1077
