MAE: 12.0 [7, 44, 8, 17, 5, 6, 28, 7, 2, 9, 3, 13, 7]
MAPE: 14.376291073948563 [15.217391304347828, 18.333333333333332, 8.60215053763441, 12.977099236641221, 8.771929824561402, 26.08695652173913, 16.766467065868262, 9.090909090909092, 3.4482758620689653, 24.324324324324326, 10.0, 18.055555555555554, 15.217391304347828]
RMSE: 16.51106854856416
grid_scale: 0.25
resize_scale: 0.5
confiance: 0.3

random_seed: 1011
data_augmentation: True
samples: 13
total_pred: 1233
total_real: 1077
