MAE: 25.0 [13, 43, 40, 76, 10, 9, 46, 25, 17, 8, 12, 4, 22]
MAPE: 31.40030016429373 [28.26086956521739, 17.916666666666668, 43.01075268817204, 58.01526717557252, 17.543859649122805, 39.130434782608695, 27.54491017964072, 32.467532467532465, 29.310344827586203, 21.62162162162162, 40.0, 5.555555555555555, 47.82608695652174]
RMSE: 32.0012019005056
grid_scale: 0.5
resize_scale: 0.5
confiance: 0.6

random_seed: 1011
data_augmentation: True
samples: 13
total_pred: 752
total_real: 1077
