MAE: 4.615384615384615 [3, 8, 7, 6, 2, 1, 12, 3, 1, 6, 3, 8, 0]
MAPE: 6.150146366901209 [6.521739130434782, 3.3333333333333335, 7.526881720430108, 4.580152671755725, 3.508771929824561, 4.3478260869565215, 7.18562874251497, 3.896103896103896, 1.7241379310344827, 16.216216216216218, 10.0, 11.11111111111111, 0.0]
RMSE: 5.724441524658171
grid_scale: 0.4
resize_scale: 0.5
confiance: 0.3

random_seed: 1011
data_augmentation: True
samples: 13
total_pred: 1133
total_real: 1077
