MAE: 10.846153846153847 [4, 15, 13, 43, 3, 7, 29, 6, 4, 0, 5, 0, 12]
MAPE: 13.250320534442064 [8.695652173913043, 6.25, 13.978494623655912, 32.82442748091603, 5.263157894736842, 30.434782608695656, 17.365269461077844, 7.792207792207792, 6.896551724137931, 0.0, 16.666666666666664, 0.0, 26.08695652173913]
RMSE: 16.122130036787226
grid_scale: 0.5
resize_scale: 0.5
confiance: 0.5

random_seed: 1011
data_augmentation: True
samples: 13
total_pred: 936
total_real: 1077
