MAE: 12.384615384615385 [8, 22, 17, 31, 3, 5, 26, 11, 13, 3, 9, 1, 12]
MAPE: 16.412021119787514 [17.391304347826086, 9.166666666666666, 18.27956989247312, 23.66412213740458, 5.263157894736842, 21.73913043478261, 15.568862275449103, 14.285714285714285, 22.413793103448278, 8.108108108108109, 30.0, 1.3888888888888888, 26.08695652173913]
RMSE: 15.274412993882688
grid_scale: 0.4
resize_scale: 0.5
confiance: 0.55

random_seed: 1011
data_augmentation: True
samples: 13
total_pred: 916
total_real: 1077
