MAE: 19.923076923076923 [7, 39, 29, 45, 17, 6, 37, 24, 13, 6, 11, 6, 19]
MAPE: 25.474748223386577 [15.217391304347828, 16.25, 31.182795698924732, 34.35114503816794, 29.82456140350877, 26.08695652173913, 22.15568862275449, 31.16883116883117, 22.413793103448278, 16.216216216216218, 36.666666666666664, 8.333333333333332, 41.30434782608695]
RMSE: 23.90526173170958
grid_scale: 0.4
resize_scale: 0.5
confiance: 0.6

random_seed: 1011
data_augmentation: True
samples: 13
total_pred: 818
total_real: 1077
