MAE: 15.692307692307692 [5, 28, 20, 50, 11, 2, 37, 8, 11, 6, 10, 0, 16]
MAPE: 18.926647649718134 [10.869565217391305, 11.666666666666666, 21.50537634408602, 38.16793893129771, 19.298245614035086, 8.695652173913043, 22.15568862275449, 10.38961038961039, 18.96551724137931, 16.216216216216218, 33.33333333333333, 0.0, 34.78260869565217]
RMSE: 21.085904880165437
grid_scale: 0.5
resize_scale: 0.5
confiance: 0.55

random_seed: 1011
data_augmentation: True
samples: 13
total_pred: 873
total_real: 1077
