MAE: 16.846153846153847 [7, 45, 20, 37, 9, 5, 28, 23, 12, 3, 9, 6, 15]
MAPE: 20.586310444508815 [15.217391304347828, 18.75, 21.50537634408602, 28.24427480916031, 15.789473684210526, 21.73913043478261, 16.766467065868262, 29.87012987012987, 20.689655172413794, 8.108108108108109, 30.0, 8.333333333333332, 32.608695652173914]
RMSE: 21.043910136810457
grid_scale: 0.3
resize_scale: 0.5
confiance: 0.6

random_seed: 1011
data_augmentation: True
samples: 13
total_pred: 858
total_real: 1077
