MAE: 3.3846153846153846 [1, 10, 3, 12, 1, 2, 1, 2, 2, 3, 1, 6, 0]
MAPE: 4.276614251811579 [2.1739130434782608, 4.166666666666666, 3.225806451612903, 9.16030534351145, 1.7543859649122806, 8.695652173913043, 0.5988023952095809, 2.5974025974025974, 3.4482758620689653, 8.108108108108109, 3.3333333333333335, 8.333333333333332, 0.0]
RMSE: 4.914656259988703
grid_scale: 0.4
resize_scale: 0.5
confiance: 0.4

random_seed: 1011
data_augmentation: True
samples: 13
total_pred: 1073
total_real: 1077
