MAE: 3.076923076923077 [5, 5, 0, 12, 2, 1, 8, 1, 1, 1, 0, 4, 0]
MAPE: 3.5416398892836813 [10.869565217391305, 2.083333333333333, 0.0, 9.16030534351145, 3.508771929824561, 4.3478260869565215, 4.790419161676647, 1.2987012987012987, 1.7241379310344827, 2.7027027027027026, 0.0, 5.555555555555555, 0.0]
RMSE: 4.657500154837109
grid_scale: 0.3
resize_scale: 0.5
confiance: 0.45

random_seed: 1011
data_augmentation: True
samples: 13
total_pred: 1091
total_real: 1077
