MAE: 11.384615384615385 [1, 58, 3, 7, 6, 4, 2, 3, 10, 6, 27, 17, 4]
MAPE: 16.742301877391714 [4.3478260869565215, 20.714285714285715, 3.125, 16.27906976744186, 3.592814371257485, 13.793103448275861, 4.081632653061225, 4.0, 26.31578947368421, 13.636363636363635, 10.26615969581749, 94.44444444444444, 3.0534351145038165]
RMSE: 18.929017203956796
grid_scale: 0.35
resize_scale: 0.5
confiance: 0.35

random_seed: 1011
data_augmentation: True
samples: 13
total_pred: 1344
total_real: 1256
