MAE: 9.538461538461538 [4, 20, 14, 28, 7, 2, 15, 10, 8, 1, 4, 1, 10]
MAPE: 11.489181261620953 [8.695652173913043, 8.333333333333332, 15.053763440860216, 21.374045801526716, 12.280701754385964, 8.695652173913043, 8.982035928143713, 12.987012987012985, 13.793103448275861, 2.7027027027027026, 13.333333333333334, 1.3888888888888888, 21.73913043478261]
RMSE: 12.26627647094009
grid_scale: 0.3
resize_scale: 0.5
confiance: 0.55

random_seed: 1011
data_augmentation: True
samples: 13
total_pred: 953
total_real: 1077
