MAE: 5.769230769230769 [5, 22, 4, 3, 7, 1, 14, 1, 1, 3, 0, 9, 5]
MAPE: 6.626127493712681 [10.869565217391305, 9.166666666666666, 4.301075268817205, 2.2900763358778624, 12.280701754385964, 4.3478260869565215, 8.383233532934131, 1.2987012987012987, 1.7241379310344827, 8.108108108108109, 0.0, 12.5, 10.869565217391305]
RMSE: 8.306623862918075
grid_scale: 0.25
resize_scale: 0.5
confiance: 0.4

random_seed: 1011
data_augmentation: True
samples: 13
total_pred: 1136
total_real: 1077
