MAE: 18.153846153846153 [12, 37, 17, 45, 6, 8, 44, 18, 12, 8, 9, 3, 17]
MAPE: 23.27705050537309 [26.08695652173913, 15.416666666666668, 18.27956989247312, 34.35114503816794, 10.526315789473683, 34.78260869565217, 26.34730538922156, 23.376623376623375, 20.689655172413794, 21.62162162162162, 30.0, 4.166666666666666, 36.95652173913043]
RMSE: 22.827109389428244
grid_scale: 0.5
resize_scale: 0.5
confiance: 0.6

random_seed: 1011
data_augmentation: True
samples: 13
total_pred: 841
total_real: 1077
