MAE: 10.23076923076923 [3, 17, 11, 31, 2, 4, 26, 7, 8, 2, 11, 1, 10]
MAPE: 13.35770723680371 [6.521739130434782, 7.083333333333333, 11.827956989247312, 23.66412213740458, 3.508771929824561, 17.391304347826086, 15.568862275449103, 9.090909090909092, 13.793103448275861, 5.405405405405405, 36.666666666666664, 1.3888888888888888, 21.73913043478261]
RMSE: 13.629718660677879
grid_scale: 0.5
resize_scale: 0.5
confiance: 0.5

random_seed: 1011
data_augmentation: True
samples: 13
total_pred: 946
total_real: 1077
