MAE: 5.846153846153846 [5, 3, 8, 23, 3, 2, 12, 2, 5, 4, 3, 1, 5]
MAPE: 7.977751049557963 [10.869565217391305, 1.25, 8.60215053763441, 17.557251908396946, 5.263157894736842, 8.695652173913043, 7.18562874251497, 2.5974025974025974, 8.620689655172415, 10.81081081081081, 10.0, 1.3888888888888888, 10.869565217391305]
RMSE: 8.15239464584109
grid_scale: 0.45
resize_scale: 0.5
confiance: 0.45

random_seed: 1011
data_augmentation: True
samples: 13
total_pred: 1011
total_real: 1077
