MAE: 7.3076923076923075 [2, 6, 9, 35, 3, 4, 14, 4, 5, 1, 3, 0, 9]
MAPE: 9.258762570245027 [4.3478260869565215, 2.5, 9.67741935483871, 26.717557251908396, 5.263157894736842, 17.391304347826086, 8.383233532934131, 5.194805194805195, 8.620689655172415, 2.7027027027027026, 10.0, 0.0, 19.565217391304348]
RMSE: 11.432073639209454
grid_scale: 0.5
resize_scale: 0.5
confiance: 0.45

random_seed: 1011
data_augmentation: True
samples: 13
total_pred: 984
total_real: 1077
