MAE: 3.5384615384615383 [1, 6, 0, 15, 1, 2, 6, 4, 2, 0, 5, 1, 3]
MAPE: 4.875963305831914 [2.1739130434782608, 2.5, 0.0, 11.450381679389313, 1.7543859649122806, 8.695652173913043, 3.592814371257485, 5.194805194805195, 3.4482758620689653, 0.0, 16.666666666666664, 1.3888888888888888, 6.521739130434782]
RMSE: 5.24771012332632
grid_scale: 0.45
resize_scale: 0.5
confiance: 0.45

random_seed: 1011
data_augmentation: True
samples: 13
total_pred: 1035
total_real: 1077
