MAE: 13.076923076923077 [2, 68, 10, 1, 10, 5, 2, 5, 10, 7, 28, 18, 4]
MAPE: 18.12507849490692 [8.695652173913043, 24.285714285714285, 10.416666666666668, 2.3255813953488373, 5.9880239520958085, 17.24137931034483, 4.081632653061225, 6.666666666666667, 26.31578947368421, 15.909090909090908, 10.646387832699618, 100.0, 3.0534351145038165]
RMSE: 21.7609388937716
grid_scale: 0.45
resize_scale: 0.5
confiance: 0.3

random_seed: 1011
data_augmentation: True
samples: 13
total_pred: 1346
total_real: 1256
