MAE: 3.6153846153846154 [3, 13, 4, 1, 4, 0, 10, 1, 0, 0, 1, 8, 2]
MAPE: 3.8537984220301387 [6.521739130434782, 5.416666666666667, 4.301075268817205, 0.7633587786259541, 7.017543859649122, 0.0, 5.9880239520958085, 1.2987012987012987, 0.0, 0.0, 3.3333333333333335, 11.11111111111111, 4.3478260869565215]
RMSE: 5.413657941511664
grid_scale: 0.3
resize_scale: 0.5
confiance: 0.4

random_seed: 1011
data_augmentation: True
samples: 13
total_pred: 1112
total_real: 1077
