MAE: 2.8461538461538463 [1, 1, 0, 11, 1, 1, 5, 3, 5, 1, 0, 4, 4]
MAPE: 3.811881098953442 [2.1739130434782608, 0.4166666666666667, 0.0, 8.396946564885496, 1.7543859649122806, 4.3478260869565215, 2.9940119760479043, 3.896103896103896, 8.620689655172415, 2.7027027027027026, 0.0, 5.555555555555555, 8.695652173913043]
RMSE: 4.08562206919677
grid_scale: 0.35
resize_scale: 0.5
confiance: 0.45

random_seed: 1011
data_augmentation: True
samples: 13
total_pred: 1052
total_real: 1077
