MAE: 5.769230769230769 [1, 7, 13, 18, 4, 2, 11, 3, 7, 1, 5, 0, 3]
MAPE: 7.458902511006539 [2.1739130434782608, 2.9166666666666665, 13.978494623655912, 13.740458015267176, 7.017543859649122, 8.695652173913043, 6.58682634730539, 3.896103896103896, 12.068965517241379, 2.7027027027027026, 16.666666666666664, 0.0, 6.521739130434782]
RMSE: 7.731056251847529
grid_scale: 0.35
resize_scale: 0.5
confiance: 0.5

random_seed: 1011
data_augmentation: True
samples: 13
total_pred: 1006
total_real: 1077
