MAE: 4.153846153846154 [2, 2, 4, 23, 3, 3, 8, 1, 3, 1, 3, 0, 1]
MAPE: 5.498790211751753 [4.3478260869565215, 0.8333333333333334, 4.301075268817205, 17.557251908396946, 5.263157894736842, 13.043478260869565, 4.790419161676647, 1.2987012987012987, 5.172413793103448, 2.7027027027027026, 10.0, 0.0, 2.1739130434782608]
RMSE: 7.103628541917043
grid_scale: 0.5
resize_scale: 0.5
confiance: 0.4

random_seed: 1011
data_augmentation: True
samples: 13
total_pred: 1031
total_real: 1077
