MAE: 5.384615384615385 [2, 9, 6, 16, 3, 3, 9, 4, 3, 4, 4, 3, 4]
MAPE: 7.525593779486363 [4.3478260869565215, 3.75, 6.451612903225806, 12.213740458015266, 5.263157894736842, 13.043478260869565, 5.389221556886228, 5.194805194805195, 5.172413793103448, 10.81081081081081, 13.333333333333334, 4.166666666666666, 8.695652173913043]
RMSE: 6.551570569190026
grid_scale: 0.4
resize_scale: 0.5
confiance: 0.5

random_seed: 1011
data_augmentation: True
samples: 13
total_pred: 1013
total_real: 1077
