MAE: 1.7692307692307692 [1, 3, 1, 2, 3, 0, 3, 0, 1, 1, 0, 5, 3]
MAPE: 2.382960669762805 [2.1739130434782608, 1.25, 1.0752688172043012, 1.5267175572519083, 5.263157894736842, 0.0, 1.7964071856287425, 0.0, 1.7241379310344827, 2.7027027027027026, 0.0, 6.944444444444445, 6.521739130434782]
RMSE: 2.3038429433649132
grid_scale: 0.4
resize_scale: 0.5
confiance: 0.4

random_seed: 1011
data_augmentation: True
samples: 13
total_pred: 1086
total_real: 1077
