MAE: 3.769230769230769 [4, 14, 2, 4, 1, 1, 5, 0, 0, 6, 4, 5, 3]
MAPE: 5.526531954500329 [8.695652173913043, 5.833333333333333, 2.1505376344086025, 3.0534351145038165, 1.7543859649122806, 4.3478260869565215, 2.9940119760479043, 0.0, 0.0, 16.216216216216218, 13.333333333333334, 6.944444444444445, 6.521739130434782]
RMSE: 5.151549430847145
grid_scale: 0.3
resize_scale: 0.5
confiance: 0.35

random_seed: 1011
data_augmentation: True
samples: 13
total_pred: 1126
total_real: 1077
