MAE: 2.769230769230769 [1, 9, 0, 9, 2, 0, 3, 2, 4, 0, 2, 2, 2]
MAPE: 3.1835035399620497 [2.1739130434782608, 3.75, 0.0, 6.870229007633588, 3.508771929824561, 0.0, 1.7964071856287425, 2.5974025974025974, 6.896551724137931, 0.0, 6.666666666666667, 2.7777777777777777, 4.3478260869565215]
RMSE: 4.0
grid_scale: 0.45
resize_scale: 0.5
confiance: 0.35

random_seed: 1011
data_augmentation: True
samples: 13
total_pred: 1069
total_real: 1077
