MAE: 84.73076923076923 [46, 238, 93, 136, 73, 38, 46, 100, 53, 84, 134, 29, 30, 53, 56, 26, 266, 79, 171, 58, 96, 81, 126, 49, 95, 26, 121, 42, 167, 202, 114, 96, 93, 61, 232, 64, 68, 28, 57, 45, 40, 126, 81, 49, 32, 68, 46, 58, 83, 122, 43, 99, 71, 23, 48, 19, 98, 76, 55, 96, 280, 49, 147, 95, 124, 31, 75, 211, 120, 48, 201, 109, 77, 29, 38, 26, 39, 167, 58, 47, 41, 31, 121, 130, 260, 73, 137, 96, 18, 64, 43, 46, 72, 84, 107, 60, 16, 99, 78, 113, 56, 100, 29, 167, 167, 36, 26, 47, 118, 91, 65, 223, 76, 125, 184, 47, 119, 57, 34, 48, 42, 93, 35, 47, 48, 48, 57, 41, 75, 49]
MAPE: 99.37533527621429 [100.0, 99.16666666666667, 100.0, 100.0, 100.0, 100.0, 100.0, 98.0392156862745, 98.14814814814815, 100.0, 100.0, 100.0, 100.0, 98.14814814814815, 100.0, 100.0, 99.25373134328358, 100.0, 98.84393063583815, 100.0, 100.0, 100.0, 100.0, 100.0, 100.0, 100.0, 98.3739837398374, 97.67441860465115, 99.40476190476191, 100.0, 100.0, 100.0, 100.0, 100.0, 99.14529914529915, 100.0, 100.0, 93.33333333333333, 98.27586206896551, 95.74468085106383, 100.0, 99.21259842519686, 100.0, 100.0, 100.0, 98.55072463768117, 100.0, 100.0, 100.0, 100.0, 97.72727272727273, 97.05882352941177, 100.0, 100.0, 97.95918367346938, 100.0, 100.0, 100.0, 100.0, 98.96907216494846, 100.0, 98.0, 99.32432432432432, 100.0, 100.0, 100.0, 100.0, 99.52830188679245, 100.0, 100.0, 99.01477832512316, 99.0909090909091, 100.0, 96.66666666666667, 97.43589743589743, 100.0, 100.0, 100.0, 100.0, 100.0, 100.0, 96.875, 100.0, 99.23664122137404, 98.85931558935361, 98.64864864864865, 99.27536231884058, 100.0, 100.0, 98.46153846153847, 100.0, 100.0, 100.0, 100.0, 100.0, 98.36065573770492, 100.0, 100.0, 100.0, 100.0, 100.0, 100.0, 100.0, 99.40476190476191, 100.0, 100.0, 100.0, 100.0, 100.0, 100.0, 100.0, 100.0, 100.0, 100.0, 99.45945945945947, 97.91666666666666, 100.0, 100.0, 91.8918918918919, 97.95918367346938, 97.67441860465115, 100.0, 100.0, 97.91666666666666, 100.0, 100.0, 100.0, 100.0, 98.68421052631578, 96.07843137254902]
RMSE: 101.51775138444432 [2116, 56644, 8649, 18496, 5329, 1444, 2116, 10000, 2809, 7056, 17956, 841, 900, 2809, 3136, 676, 70756, 6241, 29241, 3364, 9216, 6561, 15876, 2401, 9025, 676, 14641, 1764, 27889, 40804, 12996, 9216, 8649, 3721, 53824, 4096, 4624, 784, 3249, 2025, 1600, 15876, 6561, 2401, 1024, 4624, 2116, 3364, 6889, 14884, 1849, 9801, 5041, 529, 2304, 361, 9604, 5776, 3025, 9216, 78400, 2401, 21609, 9025, 15376, 961, 5625, 44521, 14400, 2304, 40401, 11881, 5929, 841, 1444, 676, 1521, 27889, 3364, 2209, 1681, 961, 14641, 16900, 67600, 5329, 18769, 9216, 324, 4096, 1849, 2116, 5184, 7056, 11449, 3600, 256, 9801, 6084, 12769, 3136, 10000, 841, 27889, 27889, 1296, 676, 2209, 13924, 8281, 4225, 49729, 5776, 15625, 33856, 2209, 14161, 3249, 1156, 2304, 1764, 8649, 1225, 2209, 2304, 2304, 3249, 1681, 5625, 2401]

pred: 58 [0, 2, 0, 0, 0, 0, 0, 2, 1, 0, 0, 0, 0, 1, 0, 0, 2, 0, 2, 0, 0, 0, 0, 0, 0, 0, 2, 1, 1, 0, 0, 0, 0, 0, 2, 0, 0, 2, 1, 2, 0, 1, 0, 0, 0, 1, 0, 0, 0, 0, 1, 3, 0, 0, 1, 0, 0, 0, 0, 1, 0, 1, 1, 0, 0, 0, 0, 1, 0, 0, 2, 1, 0, 1, 1, 0, 0, 0, 0, 0, 0, 1, 0, 1, 3, 1, 1, 0, 0, 1, 0, 0, 0, 0, 0, 1, 0, 0, 0, 0, 0, 0, 0, 1, 0, 0, 0, 0, 0, 0, 0, 0, 0, 0, 1, 1, 0, 0, 3, 1, 1, 0, 0, 1, 0, 0, 0, 0, 1, 2]
real: 11073 [46, 240, 93, 136, 73, 38, 46, 102, 54, 84, 134, 29, 30, 54, 56, 26, 268, 79, 173, 58, 96, 81, 126, 49, 95, 26, 123, 43, 168, 202, 114, 96, 93, 61, 234, 64, 68, 30, 58, 47, 40, 127, 81, 49, 32, 69, 46, 58, 83, 122, 44, 102, 71, 23, 49, 19, 98, 76, 55, 97, 280, 50, 148, 95, 124, 31, 75, 212, 120, 48, 203, 110, 77, 30, 39, 26, 39, 167, 58, 47, 41, 32, 121, 131, 263, 74, 138, 96, 18, 65, 43, 46, 72, 84, 107, 61, 16, 99, 78, 113, 56, 100, 29, 168, 167, 36, 26, 47, 118, 91, 65, 223, 76, 125, 185, 48, 119, 57, 37, 49, 43, 93, 35, 48, 48, 48, 57, 41, 76, 51]

grid_scale: 0.4
resize_scale: 0.5
confiance: 0.6

random_seed: 1011
data_augmentation: True
samples: 130
