MAE: 84.97692307692307 [46, 239, 93, 135, 73, 38, 46, 102, 54, 84, 133, 29, 30, 54, 56, 26, 264, 79, 172, 58, 96, 81, 126, 49, 95, 26, 123, 43, 166, 202, 114, 96, 93, 61, 234, 64, 68, 30, 58, 47, 40, 127, 81, 49, 32, 69, 46, 58, 83, 122, 44, 102, 71, 23, 49, 19, 98, 76, 55, 97, 278, 50, 145, 95, 124, 31, 75, 210, 120, 48, 203, 110, 77, 29, 39, 26, 39, 166, 57, 47, 41, 32, 121, 130, 262, 74, 138, 96, 18, 65, 43, 46, 72, 84, 107, 61, 16, 99, 78, 113, 56, 98, 29, 167, 167, 36, 26, 47, 118, 91, 65, 223, 76, 125, 185, 48, 119, 57, 36, 49, 43, 93, 35, 48, 48, 48, 57, 41, 76, 51]
MAPE: 99.83890932332481 [100.0, 99.58333333333333, 100.0, 99.26470588235294, 100.0, 100.0, 100.0, 100.0, 100.0, 100.0, 99.25373134328358, 100.0, 100.0, 100.0, 100.0, 100.0, 98.50746268656717, 100.0, 99.42196531791907, 100.0, 100.0, 100.0, 100.0, 100.0, 100.0, 100.0, 100.0, 100.0, 98.80952380952381, 100.0, 100.0, 100.0, 100.0, 100.0, 100.0, 100.0, 100.0, 100.0, 100.0, 100.0, 100.0, 100.0, 100.0, 100.0, 100.0, 100.0, 100.0, 100.0, 100.0, 100.0, 100.0, 100.0, 100.0, 100.0, 100.0, 100.0, 100.0, 100.0, 100.0, 100.0, 99.28571428571429, 100.0, 97.97297297297297, 100.0, 100.0, 100.0, 100.0, 99.05660377358491, 100.0, 100.0, 100.0, 100.0, 100.0, 96.66666666666667, 100.0, 100.0, 100.0, 99.40119760479041, 98.27586206896551, 100.0, 100.0, 100.0, 100.0, 99.23664122137404, 99.61977186311786, 100.0, 100.0, 100.0, 100.0, 100.0, 100.0, 100.0, 100.0, 100.0, 100.0, 100.0, 100.0, 100.0, 100.0, 100.0, 100.0, 98.0, 100.0, 99.40476190476191, 100.0, 100.0, 100.0, 100.0, 100.0, 100.0, 100.0, 100.0, 100.0, 100.0, 100.0, 100.0, 100.0, 100.0, 97.2972972972973, 100.0, 100.0, 100.0, 100.0, 100.0, 100.0, 100.0, 100.0, 100.0, 100.0, 100.0]
RMSE: 101.670924669135 [2116, 57121, 8649, 18225, 5329, 1444, 2116, 10404, 2916, 7056, 17689, 841, 900, 2916, 3136, 676, 69696, 6241, 29584, 3364, 9216, 6561, 15876, 2401, 9025, 676, 15129, 1849, 27556, 40804, 12996, 9216, 8649, 3721, 54756, 4096, 4624, 900, 3364, 2209, 1600, 16129, 6561, 2401, 1024, 4761, 2116, 3364, 6889, 14884, 1936, 10404, 5041, 529, 2401, 361, 9604, 5776, 3025, 9409, 77284, 2500, 21025, 9025, 15376, 961, 5625, 44100, 14400, 2304, 41209, 12100, 5929, 841, 1521, 676, 1521, 27556, 3249, 2209, 1681, 1024, 14641, 16900, 68644, 5476, 19044, 9216, 324, 4225, 1849, 2116, 5184, 7056, 11449, 3721, 256, 9801, 6084, 12769, 3136, 9604, 841, 27889, 27889, 1296, 676, 2209, 13924, 8281, 4225, 49729, 5776, 15625, 34225, 2304, 14161, 3249, 1296, 2401, 1849, 8649, 1225, 2304, 2304, 2304, 3249, 1681, 5776, 2601]

pred: 26 [0, 1, 0, 1, 0, 0, 0, 0, 0, 0, 1, 0, 0, 0, 0, 0, 4, 0, 1, 0, 0, 0, 0, 0, 0, 0, 0, 0, 2, 0, 0, 0, 0, 0, 0, 0, 0, 0, 0, 0, 0, 0, 0, 0, 0, 0, 0, 0, 0, 0, 0, 0, 0, 0, 0, 0, 0, 0, 0, 0, 2, 0, 3, 0, 0, 0, 0, 2, 0, 0, 0, 0, 0, 1, 0, 0, 0, 1, 1, 0, 0, 0, 0, 1, 1, 0, 0, 0, 0, 0, 0, 0, 0, 0, 0, 0, 0, 0, 0, 0, 0, 2, 0, 1, 0, 0, 0, 0, 0, 0, 0, 0, 0, 0, 0, 0, 0, 0, 1, 0, 0, 0, 0, 0, 0, 0, 0, 0, 0, 0]
real: 11073 [46, 240, 93, 136, 73, 38, 46, 102, 54, 84, 134, 29, 30, 54, 56, 26, 268, 79, 173, 58, 96, 81, 126, 49, 95, 26, 123, 43, 168, 202, 114, 96, 93, 61, 234, 64, 68, 30, 58, 47, 40, 127, 81, 49, 32, 69, 46, 58, 83, 122, 44, 102, 71, 23, 49, 19, 98, 76, 55, 97, 280, 50, 148, 95, 124, 31, 75, 212, 120, 48, 203, 110, 77, 30, 39, 26, 39, 167, 58, 47, 41, 32, 121, 131, 263, 74, 138, 96, 18, 65, 43, 46, 72, 84, 107, 61, 16, 99, 78, 113, 56, 100, 29, 168, 167, 36, 26, 47, 118, 91, 65, 223, 76, 125, 185, 48, 119, 57, 37, 49, 43, 93, 35, 48, 48, 48, 57, 41, 76, 51]

grid_scale: 0.5
resize_scale: 0.5
confiance: 0.6

random_seed: 1011
data_augmentation: True
samples: 130
