MAE: 4.269230769230769 [3, 5, 7, 4, 4, 9, 2, 6, 3, 3, 0, 0, 2, 0, 3, 3, 18, 7, 10, 4, 3, 5, 2, 4, 3, 1]
MAPE: 5.594721476343985 [6.521739130434782, 2.083333333333333, 7.526881720430108, 2.941176470588235, 5.47945205479452, 23.684210526315788, 4.3478260869565215, 5.88235294117647, 5.555555555555555, 3.571428571428571, 0.0, 0.0, 6.666666666666667, 0.0, 5.357142857142857, 11.538461538461538, 6.7164179104477615, 8.860759493670885, 5.780346820809249, 6.896551724137931, 3.125, 6.172839506172839, 1.5873015873015872, 8.16326530612245, 3.1578947368421053, 3.8461538461538463]
RMSE: 5.6466463838826835 [9, 25, 49, 16, 16, 81, 4, 36, 9, 9, 0, 0, 4, 0, 9, 9, 324, 49, 100, 16, 9, 25, 4, 16, 9, 1]

pred: 2277 [49, 235, 100, 132, 77, 29, 48, 108, 51, 87, 134, 29, 28, 54, 59, 29, 250, 86, 163, 54, 93, 86, 124, 53, 92, 27]
real: 2292 [46, 240, 93, 136, 73, 38, 46, 102, 54, 84, 134, 29, 30, 54, 56, 26, 268, 79, 173, 58, 96, 81, 126, 49, 95, 26]

grid_scale: 0.5
resize_scale: 0.5
confiance: 0.5

random_seed: 1011
data_augmentation: True
samples: 26
