MAE: 11.5 [8, 28, 6, 13, 19, 6, 9, 16, 9, 10, 13, 4, 0, 12, 13, 3, 28, 21, 23, 8, 11, 8, 16, 7, 6, 2]
MAPE: 13.7547233011238 [17.391304347826086, 11.666666666666666, 6.451612903225806, 9.558823529411764, 26.027397260273972, 15.789473684210526, 19.565217391304348, 15.686274509803921, 16.666666666666664, 11.904761904761903, 9.701492537313433, 13.793103448275861, 0.0, 22.22222222222222, 23.214285714285715, 11.538461538461538, 10.44776119402985, 26.582278481012654, 13.294797687861271, 13.793103448275861, 11.458333333333332, 9.876543209876543, 12.698412698412698, 14.285714285714285, 6.315789473684211, 7.6923076923076925]
RMSE: 13.619838471876236 [64, 784, 36, 169, 361, 36, 81, 256, 81, 100, 169, 16, 0, 144, 169, 9, 784, 441, 529, 64, 121, 64, 256, 49, 36, 4]

pred: 2579 [54, 268, 99, 149, 92, 32, 55, 118, 63, 94, 147, 33, 30, 66, 69, 29, 296, 100, 196, 66, 107, 89, 142, 56, 101, 28]
real: 2292 [46, 240, 93, 136, 73, 38, 46, 102, 54, 84, 134, 29, 30, 54, 56, 26, 268, 79, 173, 58, 96, 81, 126, 49, 95, 26]

grid_scale: 0.2
resize_scale: 0.5
confiance: 0.5

random_seed: 1011
data_augmentation: True
samples: 26
