MAE: 10.76923076923077 [3, 39, 9, 14, 2, 13, 0, 3, 5, 3, 9, 5, 1, 3, 1, 0, 61, 0, 40, 6, 9, 6, 37, 2, 7, 2]
MAPE: 9.677501932383569 [6.521739130434782, 16.25, 9.67741935483871, 10.294117647058822, 2.73972602739726, 34.21052631578947, 0.0, 2.941176470588235, 9.25925925925926, 3.571428571428571, 6.7164179104477615, 17.24137931034483, 3.3333333333333335, 5.555555555555555, 1.7857142857142856, 0.0, 22.761194029850746, 0.0, 23.121387283236995, 10.344827586206897, 9.375, 7.4074074074074066, 29.365079365079367, 4.081632653061225, 7.368421052631578, 7.6923076923076925]
RMSE: 18.646509262923924 [9, 1521, 81, 196, 4, 169, 0, 9, 25, 9, 81, 25, 1, 9, 1, 0, 3721, 0, 1600, 36, 81, 36, 1369, 4, 49, 4]

pred: 2020 [43, 201, 84, 122, 75, 25, 46, 99, 49, 81, 125, 24, 31, 51, 57, 26, 207, 79, 133, 52, 87, 75, 89, 47, 88, 24]
real: 2292 [46, 240, 93, 136, 73, 38, 46, 102, 54, 84, 134, 29, 30, 54, 56, 26, 268, 79, 173, 58, 96, 81, 126, 49, 95, 26]

grid_scale: 0.5
resize_scale: 0.5
confiance: 0.7

random_seed: 1011
data_augmentation: True
samples: 26
