MAE: 23.03846153846154 [14, 84, 31, 34, 6, 14, 1, 17, 8, 11, 27, 17, 9, 6, 6, 3, 97, 19, 55, 14, 20, 20, 41, 7, 29, 9]
MAPE: 24.283850906050098 [30.434782608695656, 35.0, 33.33333333333333, 25.0, 8.21917808219178, 36.84210526315789, 2.1739130434782608, 16.666666666666664, 14.814814814814813, 13.095238095238097, 20.149253731343283, 58.620689655172406, 30.0, 11.11111111111111, 10.714285714285714, 11.538461538461538, 36.19402985074627, 24.050632911392405, 31.79190751445087, 24.137931034482758, 20.833333333333336, 24.691358024691358, 32.53968253968254, 14.285714285714285, 30.526315789473685, 34.61538461538461]
RMSE: 32.63964083512798 [196, 7056, 961, 1156, 36, 196, 1, 289, 64, 121, 729, 289, 81, 36, 36, 9, 9409, 361, 3025, 196, 400, 400, 1681, 49, 841, 81]

pred: 1693 [32, 156, 62, 102, 67, 24, 45, 85, 46, 73, 107, 12, 21, 48, 50, 23, 171, 60, 118, 44, 76, 61, 85, 42, 66, 17]
real: 2292 [46, 240, 93, 136, 73, 38, 46, 102, 54, 84, 134, 29, 30, 54, 56, 26, 268, 79, 173, 58, 96, 81, 126, 49, 95, 26]

grid_scale: 0.3
resize_scale: 0.5
confiance: 0.8

random_seed: 1011
data_augmentation: True
samples: 26
