MAE: 86.46153846153847 [44, 113, 203, 96, 48, 75, 268, 240, 50, 73, 54, 131, 39, 46, 29, 29, 43, 125, 148, 46, 96, 18, 43, 48, 96, 47]
MAPE: 100.0 [100.0, 100.0, 100.0, 100.0, 100.0, 100.0, 100.0, 100.0, 100.0, 100.0, 100.0, 100.0, 100.0, 100.0, 100.0, 100.0, 100.0, 100.0, 100.0, 100.0, 100.0, 100.0, 100.0, 100.0, 100.0, 100.0]
RMSE: 107.83177781939936 [1936, 12769, 41209, 9216, 2304, 5625, 71824, 57600, 2500, 5329, 2916, 17161, 1521, 2116, 841, 841, 1849, 15625, 21904, 2116, 9216, 324, 1849, 2304, 9216, 2209]

pred: 0 [0, 0, 0, 0, 0, 0, 0, 0, 0, 0, 0, 0, 0, 0, 0, 0, 0, 0, 0, 0, 0, 0, 0, 0, 0, 0]
real: 2248 [44, 113, 203, 96, 48, 75, 268, 240, 50, 73, 54, 131, 39, 46, 29, 29, 43, 125, 148, 46, 96, 18, 43, 48, 96, 47]

grid_scale: 0.5
resize_scale: 0.5
confiance: 0.9

random_seed: 1011
data_augmentation: True
samples: 26
