MAE: 5.038461538461538 [4, 14, 1, 3, 6, 13, 1, 2, 4, 0, 4, 1, 1, 4, 0, 1, 18, 11, 8, 3, 7, 2, 13, 2, 6, 2]
MAPE: 6.207974742868182 [8.695652173913043, 5.833333333333333, 1.0752688172043012, 2.2058823529411766, 8.21917808219178, 34.21052631578947, 2.1739130434782608, 1.9607843137254901, 7.4074074074074066, 0.0, 2.9850746268656714, 3.4482758620689653, 3.3333333333333335, 7.4074074074074066, 0.0, 3.8461538461538463, 6.7164179104477615, 13.924050632911392, 4.624277456647398, 5.172413793103448, 7.291666666666667, 2.4691358024691357, 10.317460317460316, 4.081632653061225, 6.315789473684211, 7.6923076923076925]
RMSE: 6.9807427420561226 [16, 196, 1, 9, 36, 169, 1, 4, 16, 0, 16, 1, 1, 16, 0, 1, 324, 121, 64, 9, 49, 4, 169, 4, 36, 4]

pred: 2223 [50, 226, 94, 133, 79, 25, 45, 104, 50, 84, 130, 28, 29, 58, 56, 27, 250, 90, 165, 55, 89, 79, 113, 51, 89, 24]
real: 2292 [46, 240, 93, 136, 73, 38, 46, 102, 54, 84, 134, 29, 30, 54, 56, 26, 268, 79, 173, 58, 96, 81, 126, 49, 95, 26]

grid_scale: 0.3
resize_scale: 0.5
confiance: 0.7

random_seed: 1011
data_augmentation: True
samples: 26
