MAE: 5.653846153846154 [6, 10, 6, 4, 7, 13, 5, 9, 0, 6, 5, 1, 2, 8, 5, 1, 16, 8, 7, 3, 2, 5, 8, 4, 5, 1]
MAPE: 7.533370143173425 [13.043478260869565, 4.166666666666666, 6.451612903225806, 2.941176470588235, 9.58904109589041, 34.21052631578947, 10.869565217391305, 8.823529411764707, 0.0, 7.142857142857142, 3.731343283582089, 3.4482758620689653, 6.666666666666667, 14.814814814814813, 8.928571428571429, 3.8461538461538463, 5.970149253731343, 10.126582278481013, 4.046242774566474, 5.172413793103448, 2.083333333333333, 6.172839506172839, 6.349206349206349, 8.16326530612245, 5.263157894736842, 3.8461538461538463]
RMSE: 6.7396644518163455 [36, 100, 36, 16, 49, 169, 25, 81, 0, 36, 25, 1, 4, 64, 25, 1, 256, 64, 49, 9, 4, 25, 64, 16, 25, 1]

pred: 2407 [52, 250, 99, 140, 80, 25, 51, 111, 54, 90, 139, 28, 32, 62, 61, 27, 284, 87, 180, 61, 94, 86, 134, 53, 100, 27]
real: 2292 [46, 240, 93, 136, 73, 38, 46, 102, 54, 84, 134, 29, 30, 54, 56, 26, 268, 79, 173, 58, 96, 81, 126, 49, 95, 26]

grid_scale: 0.2
resize_scale: 0.5
confiance: 0.6

random_seed: 1011
data_augmentation: True
samples: 26
