MAE: 28.884615384615383 [17, 89, 35, 31, 8, 17, 4, 31, 11, 13, 41, 15, 1, 16, 11, 3, 133, 18, 67, 16, 29, 25, 63, 16, 36, 5]
MAPE: 28.890047556776665 [36.95652173913043, 37.083333333333336, 37.634408602150536, 22.794117647058822, 10.95890410958904, 44.73684210526316, 8.695652173913043, 30.392156862745097, 20.37037037037037, 15.476190476190476, 30.597014925373134, 51.724137931034484, 3.3333333333333335, 29.629629629629626, 19.642857142857142, 11.538461538461538, 49.62686567164179, 22.78481012658228, 38.72832369942196, 27.586206896551722, 30.208333333333332, 30.864197530864196, 50.0, 32.6530612244898, 37.89473684210527, 19.230769230769234]
RMSE: 41.17458140462576 [289, 7921, 1225, 961, 64, 289, 16, 961, 121, 169, 1681, 225, 1, 256, 121, 9, 17689, 324, 4489, 256, 841, 625, 3969, 256, 1296, 25]

pred: 1541 [29, 151, 58, 105, 65, 21, 42, 71, 43, 71, 93, 14, 29, 38, 45, 23, 135, 61, 106, 42, 67, 56, 63, 33, 59, 21]
real: 2292 [46, 240, 93, 136, 73, 38, 46, 102, 54, 84, 134, 29, 30, 54, 56, 26, 268, 79, 173, 58, 96, 81, 126, 49, 95, 26]

grid_scale: 0.4
resize_scale: 0.5
confiance: 0.8

random_seed: 1011
data_augmentation: True
samples: 26
