MAE: 23.423076923076923 [16, 83, 41, 35, 11, 21, 8, 20, 12, 10, 31, 15, 13, 9, 15, 3, 66, 25, 29, 13, 19, 25, 41, 14, 28, 6]
MAPE: 27.4459422767191 [34.78260869565217, 34.583333333333336, 44.086021505376344, 25.735294117647058, 15.068493150684931, 55.26315789473685, 17.391304347826086, 19.607843137254903, 22.22222222222222, 11.904761904761903, 23.134328358208954, 51.724137931034484, 43.333333333333336, 16.666666666666664, 26.785714285714285, 11.538461538461538, 24.62686567164179, 31.645569620253166, 16.76300578034682, 22.413793103448278, 19.791666666666664, 30.864197530864196, 32.53968253968254, 28.57142857142857, 29.47368421052631, 23.076923076923077]
RMSE: 29.525087116395937 [256, 6889, 1681, 1225, 121, 441, 64, 400, 144, 100, 961, 225, 169, 81, 225, 9, 4356, 625, 841, 169, 361, 625, 1681, 196, 784, 36]

pred: 1683 [30, 157, 52, 101, 62, 17, 38, 82, 42, 74, 103, 14, 17, 45, 41, 23, 202, 54, 144, 45, 77, 56, 85, 35, 67, 20]
real: 2292 [46, 240, 93, 136, 73, 38, 46, 102, 54, 84, 134, 29, 30, 54, 56, 26, 268, 79, 173, 58, 96, 81, 126, 49, 95, 26]

grid_scale: 0.2
resize_scale: 0.5
confiance: 0.8

random_seed: 1011
data_augmentation: True
samples: 26
