MAE: 5.576923076923077 [2, 18, 2, 3, 3, 11, 1, 2, 2, 4, 1, 0, 1, 4, 3, 1, 29, 5, 22, 4, 5, 3, 13, 0, 6, 0]
MAPE: 5.571554864021517 [4.3478260869565215, 7.5, 2.1505376344086025, 2.2058823529411766, 4.10958904109589, 28.947368421052634, 2.1739130434782608, 1.9607843137254901, 3.7037037037037033, 4.761904761904762, 0.7462686567164178, 0.0, 3.3333333333333335, 7.4074074074074066, 5.357142857142857, 3.8461538461538463, 10.820895522388058, 6.329113924050633, 12.716763005780345, 6.896551724137931, 5.208333333333334, 3.7037037037037033, 10.317460317460316, 0.0, 6.315789473684211, 0.0]
RMSE: 9.049011845755059 [4, 324, 4, 9, 9, 121, 1, 4, 4, 16, 1, 0, 1, 16, 9, 1, 841, 25, 484, 16, 25, 9, 169, 0, 36, 0]

pred: 2205 [44, 222, 95, 133, 76, 27, 47, 104, 52, 88, 133, 29, 31, 58, 59, 27, 239, 84, 151, 54, 91, 84, 113, 49, 89, 26]
real: 2292 [46, 240, 93, 136, 73, 38, 46, 102, 54, 84, 134, 29, 30, 54, 56, 26, 268, 79, 173, 58, 96, 81, 126, 49, 95, 26]

grid_scale: 0.5
resize_scale: 0.5
confiance: 0.6

random_seed: 1011
data_augmentation: True
samples: 26
