MAE: 4.0 [3, 3, 3, 1, 6, 10, 3, 2, 0, 2, 2, 3, 3, 6, 6, 2, 6, 12, 10, 1, 1, 5, 12, 0, 2, 0]
MAPE: 5.856272903549458 [6.521739130434782, 1.25, 3.225806451612903, 0.7352941176470588, 8.21917808219178, 26.31578947368421, 6.521739130434782, 1.9607843137254901, 0.0, 2.380952380952381, 1.4925373134328357, 10.344827586206897, 10.0, 11.11111111111111, 10.714285714285714, 7.6923076923076925, 2.2388059701492535, 15.18987341772152, 5.780346820809249, 1.7241379310344827, 1.0416666666666665, 6.172839506172839, 9.523809523809524, 0.0, 2.1052631578947367, 0.0]
RMSE: 5.313263519793577 [9, 9, 9, 1, 36, 100, 9, 4, 0, 4, 4, 9, 9, 36, 36, 4, 36, 144, 100, 1, 1, 25, 144, 0, 4, 0]

pred: 2302 [49, 237, 96, 135, 79, 28, 49, 104, 54, 86, 136, 26, 33, 60, 62, 28, 262, 91, 163, 57, 95, 86, 114, 49, 97, 26]
real: 2292 [46, 240, 93, 136, 73, 38, 46, 102, 54, 84, 134, 29, 30, 54, 56, 26, 268, 79, 173, 58, 96, 81, 126, 49, 95, 26]

grid_scale: 0.4
resize_scale: 0.5
confiance: 0.6

random_seed: 1011
data_augmentation: True
samples: 26
