MAE: 7.346153846153846 [6, 12, 13, 14, 9, 8, 2, 15, 2, 6, 6, 0, 3, 5, 9, 4, 18, 13, 6, 5, 2, 9, 16, 6, 1, 1]
MAPE: 9.195701002448423 [13.043478260869565, 5.0, 13.978494623655912, 10.294117647058822, 12.32876712328767, 21.052631578947366, 4.3478260869565215, 14.705882352941178, 3.7037037037037033, 7.142857142857142, 4.477611940298507, 0.0, 10.0, 9.25925925925926, 16.071428571428573, 15.384615384615385, 6.7164179104477615, 16.455696202531644, 3.4682080924855487, 8.620689655172415, 2.083333333333333, 11.11111111111111, 12.698412698412698, 12.244897959183673, 1.0526315789473684, 3.8461538461538463]
RMSE: 8.899005994621405 [36, 144, 169, 196, 81, 64, 4, 225, 4, 36, 36, 0, 9, 25, 81, 16, 324, 169, 36, 25, 4, 81, 256, 36, 1, 1]

pred: 2467 [52, 252, 106, 150, 82, 30, 48, 117, 56, 90, 140, 29, 33, 59, 65, 30, 286, 92, 179, 63, 98, 90, 142, 55, 96, 27]
real: 2292 [46, 240, 93, 136, 73, 38, 46, 102, 54, 84, 134, 29, 30, 54, 56, 26, 268, 79, 173, 58, 96, 81, 126, 49, 95, 26]

grid_scale: 0.3
resize_scale: 0.5
confiance: 0.5

random_seed: 1011
data_augmentation: True
samples: 26
