MAE: 6.3076923076923075 [1, 17, 3, 5, 3, 12, 2, 6, 4, 0, 4, 4, 2, 4, 1, 2, 32, 2, 15, 1, 6, 0, 28, 1, 7, 2]
MAPE: 6.9329342277683885 [2.1739130434782608, 7.083333333333333, 3.225806451612903, 3.6764705882352944, 4.10958904109589, 31.57894736842105, 4.3478260869565215, 5.88235294117647, 7.4074074074074066, 0.0, 2.9850746268656714, 13.793103448275861, 6.666666666666667, 7.4074074074074066, 1.7857142857142856, 7.6923076923076925, 11.940298507462686, 2.5316455696202533, 8.670520231213873, 1.7241379310344827, 6.25, 0.0, 22.22222222222222, 2.0408163265306123, 7.368421052631578, 7.6923076923076925]
RMSE: 10.224405192404179 [1, 289, 9, 25, 9, 144, 4, 36, 16, 0, 16, 16, 4, 16, 1, 4, 1024, 4, 225, 1, 36, 0, 784, 1, 49, 4]

pred: 2164 [47, 223, 90, 131, 76, 26, 48, 96, 50, 84, 130, 25, 32, 58, 57, 28, 236, 81, 158, 57, 90, 81, 98, 50, 88, 24]
real: 2292 [46, 240, 93, 136, 73, 38, 46, 102, 54, 84, 134, 29, 30, 54, 56, 26, 268, 79, 173, 58, 96, 81, 126, 49, 95, 26]

grid_scale: 0.4
resize_scale: 0.5
confiance: 0.7

random_seed: 1011
data_augmentation: True
samples: 26
