MAE: 35.46153846153846 [15, 124, 40, 51, 9, 17, 8, 34, 15, 18, 47, 12, 6, 18, 9, 3, 166, 21, 85, 20, 45, 20, 73, 12, 46, 8]
MAPE: 34.0192731016621 [32.608695652173914, 51.66666666666667, 43.01075268817204, 37.5, 12.32876712328767, 44.73684210526316, 17.391304347826086, 33.33333333333333, 27.77777777777778, 21.428571428571427, 35.07462686567165, 41.37931034482759, 20.0, 33.33333333333333, 16.071428571428573, 11.538461538461538, 61.940298507462686, 26.582278481012654, 49.13294797687861, 34.48275862068966, 46.875, 24.691358024691358, 57.936507936507944, 24.489795918367346, 48.421052631578945, 30.76923076923077]
RMSE: 52.0517493979272 [225, 15376, 1600, 2601, 81, 289, 64, 1156, 225, 324, 2209, 144, 36, 324, 81, 9, 27556, 441, 7225, 400, 2025, 400, 5329, 144, 2116, 64]

pred: 1370 [31, 116, 53, 85, 64, 21, 38, 68, 39, 66, 87, 17, 24, 36, 47, 23, 102, 58, 88, 38, 51, 61, 53, 37, 49, 18]
real: 2292 [46, 240, 93, 136, 73, 38, 46, 102, 54, 84, 134, 29, 30, 54, 56, 26, 268, 79, 173, 58, 96, 81, 126, 49, 95, 26]

grid_scale: 0.5
resize_scale: 0.5
confiance: 0.8

random_seed: 1011
data_augmentation: True
samples: 26
