MAE: 3.4615384615384617 [0, 7, 6, 3, 2, 14, 1, 2, 5, 1, 3, 5, 1, 5, 3, 3, 2, 2, 11, 1, 4, 2, 3, 0, 4, 0]
MAPE: 5.357558581352233 [0.0, 2.9166666666666665, 6.451612903225806, 2.2058823529411766, 2.73972602739726, 36.84210526315789, 2.1739130434782608, 1.9607843137254901, 9.25925925925926, 1.1904761904761905, 2.2388059701492535, 17.24137931034483, 3.3333333333333335, 9.25925925925926, 5.357142857142857, 11.538461538461538, 0.7462686567164178, 2.5316455696202533, 6.358381502890173, 1.7241379310344827, 4.166666666666666, 2.4691358024691357, 2.380952380952381, 0.0, 4.2105263157894735, 0.0]
RMSE: 4.714951667914447 [0, 49, 36, 9, 4, 196, 1, 4, 25, 1, 9, 25, 1, 25, 9, 9, 4, 4, 121, 1, 16, 4, 9, 0, 16, 0]

pred: 2242 [46, 233, 87, 133, 75, 24, 47, 100, 49, 83, 131, 24, 29, 59, 59, 29, 270, 81, 162, 57, 92, 83, 123, 49, 91, 26]
real: 2292 [46, 240, 93, 136, 73, 38, 46, 102, 54, 84, 134, 29, 30, 54, 56, 26, 268, 79, 173, 58, 96, 81, 126, 49, 95, 26]

grid_scale: 0.2
resize_scale: 0.5
confiance: 0.7

random_seed: 1011
data_augmentation: True
samples: 26
