MAE: 4.0 [4, 4, 6, 1, 6, 6, 4, 9, 1, 5, 5, 1, 0, 4, 3, 1, 8, 8, 4, 1, 2, 7, 3, 11, 0, 0]
MAPE: 5.514414978984226 [8.695652173913043, 1.6666666666666667, 6.451612903225806, 0.7352941176470588, 8.21917808219178, 15.789473684210526, 8.695652173913043, 8.823529411764707, 1.8518518518518516, 5.952380952380952, 3.731343283582089, 3.4482758620689653, 0.0, 7.4074074074074066, 5.357142857142857, 3.8461538461538463, 2.9850746268656714, 10.126582278481013, 2.312138728323699, 1.7241379310344827, 2.083333333333333, 8.641975308641975, 2.380952380952381, 22.448979591836736, 0.0, 0.0]
RMSE: 4.97686957526825 [16, 16, 36, 1, 36, 36, 16, 81, 1, 25, 25, 1, 0, 16, 9, 1, 64, 64, 16, 1, 4, 49, 9, 121, 0, 0]

pred: 2356 [50, 236, 99, 137, 79, 32, 50, 111, 53, 89, 139, 30, 30, 58, 59, 27, 276, 87, 169, 59, 94, 88, 123, 60, 95, 26]
real: 2292 [46, 240, 93, 136, 73, 38, 46, 102, 54, 84, 134, 29, 30, 54, 56, 26, 268, 79, 173, 58, 96, 81, 126, 49, 95, 26]

grid_scale: 0.4
resize_scale: 0.5
confiance: 0.5

random_seed: 1011
data_augmentation: True
samples: 26
