MAE: 4.153846153846154 [6, 1, 10, 3, 7, 9, 5, 8, 3, 1, 3, 2, 1, 5, 8, 1, 6, 10, 3, 1, 3, 3, 1, 5, 2, 1]
MAPE: 6.4286018708224395 [13.043478260869565, 0.4166666666666667, 10.75268817204301, 2.2058823529411766, 9.58904109589041, 23.684210526315788, 10.869565217391305, 7.8431372549019605, 5.555555555555555, 1.1904761904761905, 2.2388059701492535, 6.896551724137931, 3.3333333333333335, 9.25925925925926, 14.285714285714285, 3.8461538461538463, 2.2388059701492535, 12.658227848101266, 1.7341040462427744, 1.7241379310344827, 3.125, 3.7037037037037033, 0.7936507936507936, 10.204081632653061, 2.1052631578947367, 3.8461538461538463]
RMSE: 5.091470997960896 [36, 1, 100, 9, 49, 81, 25, 64, 9, 1, 9, 4, 1, 25, 64, 1, 36, 100, 9, 1, 9, 9, 1, 25, 4, 1]

pred: 2358 [52, 241, 103, 139, 80, 29, 51, 110, 51, 85, 137, 27, 29, 59, 64, 27, 274, 89, 176, 59, 93, 84, 125, 54, 93, 27]
real: 2292 [46, 240, 93, 136, 73, 38, 46, 102, 54, 84, 134, 29, 30, 54, 56, 26, 268, 79, 173, 58, 96, 81, 126, 49, 95, 26]

grid_scale: 0.3
resize_scale: 0.5
confiance: 0.6

random_seed: 1011
data_augmentation: True
samples: 26
