MAE: 14.875 [10, 16, 5, 34, 63, 7, 12, 2, 2, 9, 3, 7, 4, 4, 36, 38, 21, 6, 22, 9, 1, 1, 14, 11, 6, 5, 4, 15, 24, 9, 62, 14]
MAPE: 21.955530252661273 [10.309278350515463, 19.27710843373494, 29.411764705882355, 65.38461538461539, 53.84615384615385, 20.0, 37.5, 11.11111111111111, 11.11111111111111, 42.857142857142854, 25.0, 7.000000000000001, 4.819277108433735, 6.666666666666667, 24.489795918367346, 59.375, 22.82608695652174, 9.67741935483871, 7.586206896551724, 13.23529411764706, 0.9433962264150944, 3.3333333333333335, 15.217391304347828, 25.581395348837212, 12.76595744680851, 5.263157894736842, 5.333333333333334, 13.043478260869565, 34.285714285714285, 5.389221556886228, 87.32394366197182, 12.612612612612612]
RMSE: 21.634752136319936 [100, 256, 25, 1156, 3969, 49, 144, 4, 4, 81, 9, 49, 16, 16, 1296, 1444, 441, 36, 484, 81, 1, 1, 196, 121, 36, 25, 16, 225, 576, 81, 3844, 196]

pred: 2822 [107, 99, 22, 86, 180, 28, 44, 20, 16, 30, 15, 107, 87, 56, 183, 102, 71, 68, 268, 77, 107, 29, 106, 54, 53, 100, 79, 100, 94, 176, 133, 125]
real: 2490 [97, 83, 17, 52, 117, 35, 32, 18, 18, 21, 12, 100, 83, 60, 147, 64, 92, 62, 290, 68, 106, 30, 92, 43, 47, 95, 75, 115, 70, 167, 71, 111]

grid_scale: 0.3
resize_scale: 0.5
confiance: 0.75

random_seed: 1011
data_augmentation: False
samples: 32
