MAE: 8.3125 [10, 26, 2, 1, 38, 6, 2, 0, 0, 5, 1, 13, 3, 14, 28, 4, 6, 1, 31, 1, 3, 2, 4, 2, 0, 7, 1, 17, 6, 2, 23, 7]
MAPE: 9.978966195995579 [10.309278350515463, 31.32530120481928, 11.76470588235294, 1.9230769230769231, 32.47863247863248, 17.142857142857142, 6.25, 0.0, 0.0, 23.809523809523807, 8.333333333333332, 13.0, 3.614457831325301, 23.333333333333332, 19.047619047619047, 6.25, 6.521739130434782, 1.6129032258064515, 10.689655172413794, 1.4705882352941175, 2.8301886792452833, 6.666666666666667, 4.3478260869565215, 4.651162790697675, 0.0, 7.368421052631578, 1.3333333333333335, 14.782608695652174, 8.571428571428571, 1.1976047904191618, 32.3943661971831, 6.306306306306306]
RMSE: 13.055171389146908 [100, 676, 4, 1, 1444, 36, 4, 0, 0, 25, 1, 169, 9, 196, 784, 16, 36, 1, 961, 1, 9, 4, 16, 4, 0, 49, 1, 289, 36, 4, 529, 49]

pred: 2632 [107, 109, 15, 53, 155, 29, 30, 18, 18, 26, 13, 113, 80, 46, 175, 68, 86, 61, 321, 69, 103, 28, 88, 41, 47, 102, 76, 98, 76, 169, 94, 118]
real: 2490 [97, 83, 17, 52, 117, 35, 32, 18, 18, 21, 12, 100, 83, 60, 147, 64, 92, 62, 290, 68, 106, 30, 92, 43, 47, 95, 75, 115, 70, 167, 71, 111]

grid_scale: 0.3
resize_scale: 0.5
confiance: 0.85

random_seed: 1011
data_augmentation: False
samples: 32
