MAE: 5.0625 [4, 2, 1, 15, 13, 3, 1, 2, 2, 5, 1, 8, 3, 12, 19, 14, 7, 3, 0, 2, 6, 2, 6, 3, 0, 0, 5, 14, 0, 3, 6, 0]
MAPE: 7.9734657466147105 [4.123711340206185, 2.4096385542168677, 5.88235294117647, 28.846153846153843, 11.11111111111111, 8.571428571428571, 3.125, 11.11111111111111, 11.11111111111111, 23.809523809523807, 8.333333333333332, 8.0, 3.614457831325301, 20.0, 12.925170068027212, 21.875, 7.608695652173914, 4.838709677419355, 0.0, 2.941176470588235, 5.660377358490567, 6.666666666666667, 6.521739130434782, 6.976744186046512, 0.0, 0.0, 6.666666666666667, 12.173913043478262, 0.0, 1.7964071856287425, 8.450704225352112, 0.0]
RMSE: 7.171994143890526 [16, 4, 1, 225, 169, 9, 1, 4, 4, 25, 1, 64, 9, 144, 361, 196, 49, 9, 0, 4, 36, 4, 36, 9, 0, 0, 25, 196, 0, 9, 36, 0]

pred: 2442 [101, 81, 16, 37, 130, 32, 33, 16, 16, 26, 13, 108, 80, 48, 166, 50, 85, 65, 290, 66, 100, 28, 86, 46, 47, 95, 70, 101, 70, 164, 65, 111]
real: 2490 [97, 83, 17, 52, 117, 35, 32, 18, 18, 21, 12, 100, 83, 60, 147, 64, 92, 62, 290, 68, 106, 30, 92, 43, 47, 95, 75, 115, 70, 167, 71, 111]

grid_scale: 0.35
resize_scale: 0.5
confiance: 0.5

random_seed: 1011
data_augmentation: False
samples: 32
