MAE: 4.53125 [3, 10, 2, 9, 23, 5, 6, 1, 0, 5, 0, 8, 2, 3, 14, 2, 7, 1, 7, 1, 2, 0, 8, 3, 1, 3, 1, 5, 1, 1, 5, 6]
MAPE: 6.576176605145301 [3.0927835051546393, 12.048192771084338, 11.76470588235294, 17.307692307692307, 19.65811965811966, 14.285714285714285, 18.75, 5.555555555555555, 0.0, 23.809523809523807, 0.0, 8.0, 2.4096385542168677, 5.0, 9.523809523809524, 3.125, 7.608695652173914, 1.6129032258064515, 2.413793103448276, 1.4705882352941175, 1.8867924528301887, 0.0, 8.695652173913043, 6.976744186046512, 2.127659574468085, 3.1578947368421053, 1.3333333333333335, 4.3478260869565215, 1.4285714285714286, 0.5988023952095809, 7.042253521126761, 5.405405405405405]
RMSE: 6.526388741103307 [9, 100, 4, 81, 529, 25, 36, 1, 0, 25, 0, 64, 4, 9, 196, 4, 49, 1, 49, 1, 4, 0, 64, 9, 1, 9, 1, 25, 1, 1, 25, 36]

pred: 2545 [100, 93, 19, 43, 140, 30, 38, 17, 18, 26, 12, 108, 85, 57, 161, 66, 85, 63, 297, 69, 108, 30, 84, 46, 48, 98, 74, 110, 69, 168, 66, 117]
real: 2490 [97, 83, 17, 52, 117, 35, 32, 18, 18, 21, 12, 100, 83, 60, 147, 64, 92, 62, 290, 68, 106, 30, 92, 43, 47, 95, 75, 115, 70, 167, 71, 111]

grid_scale: 0.3
resize_scale: 0.5
confiance: 0.5

random_seed: 1011
data_augmentation: False
samples: 32
