MAE: 5.1461538461538465 [13, 1, 6, 10, 3, 4, 2, 5, 3, 3, 5, 3, 0, 1, 6, 10, 10, 0, 1, 4, 7, 6, 5, 2, 8, 4, 5, 1, 0, 3, 1, 12, 5, 2, 4, 2, 2, 7, 2, 6, 2, 6, 34, 8, 5, 2, 8, 3, 3, 8, 8, 8, 2, 4, 11, 0, 4, 2, 1, 3, 3, 31, 0, 3, 19, 3, 4, 2, 14, 1, 12, 3, 1, 12, 27, 4, 0, 4, 2, 3, 17, 1, 1, 1, 11, 2, 1, 2, 5, 5, 2, 2, 3, 1, 5, 8, 5, 5, 3, 3, 4, 1, 1, 6, 2, 1, 3, 3, 1, 2, 9, 8, 0, 1, 2, 2, 1, 7, 1, 3, 11, 0, 9, 5, 11, 3, 9, 34, 1, 1]
MAPE: 7.143827791743867 [20.3125, 1.0101010101010102, 6.25, 8.849557522123893, 2.479338842975207, 4.301075268817205, 2.197802197802198, 5.376344086021505, 3.125, 2.5, 4.0650406504065035, 2.459016393442623, 0.0, 0.8, 12.244897959183673, 17.857142857142858, 17.24137931034483, 0.0, 1.3333333333333335, 9.090909090909092, 11.475409836065573, 15.0, 6.8493150684931505, 10.526315789473683, 27.586206896551722, 5.633802816901409, 10.416666666666668, 3.8461538461538463, 0.0, 9.375, 2.7027027027027026, 18.461538461538463, 7.246376811594203, 6.666666666666667, 13.333333333333334, 4.878048780487805, 7.6923076923076925, 8.860759493670885, 7.6923076923076925, 12.244897959183673, 2.564102564102564, 12.244897959183673, 28.8135593220339, 4.324324324324325, 5.263157894736842, 3.508771929824561, 8.421052631578947, 6.382978723404255, 3.7037037037037033, 3.587443946188341, 8.0, 7.8431372549019605, 1.9607843137254901, 2.941176470588235, 11.34020618556701, 0.0, 8.695652173913043, 4.081632653061225, 1.3157894736842104, 11.538461538461538, 3.225806451612903, 27.192982456140353, 0.0, 3.614457831325301, 7.916666666666666, 3.9473684210526314, 6.896551724137931, 3.4482758620689653, 5.982905982905983, 2.127659574468085, 19.672131147540984, 6.382978723404255, 0.5952380952380952, 5.911330049261084, 12.735849056603774, 5.555555555555555, 0.0, 7.017543859649122, 4.878048780487805, 2.380952380952381, 94.44444444444444, 2.857142857142857, 3.225806451612903, 1.8181818181818181, 28.947368421052634, 3.9215686274509802, 2.7777777777777777, 2.380952380952381, 5.1020408163265305, 3.3783783783783785, 4.166666666666666, 2.380952380952381, 6.25, 2.1739130434782608, 6.578947368421052, 8.333333333333332, 2.9940119760479043, 10.869565217391305, 6.25, 2.803738317757009, 7.4074074074074066, 1.7241379310344827, 0.5988023952095809, 4.3478260869565215, 1.1560693641618496, 0.49504950495049505, 2.2900763358778624, 4.054054054054054, 2.3255813953488373, 3.571428571428571, 8.181818181818182, 18.6046511627907, 0.0, 4.3478260869565215, 5.128205128205128, 4.166666666666666, 2.0, 8.641975308641975, 2.564102564102564, 10.0, 16.176470588235293, 0.0, 7.563025210084033, 3.731343283582089, 4.104477611940299, 5.555555555555555, 3.4220532319391634, 12.142857142857142, 3.4482758620689653, 1.2987012987012987]
RMSE: 7.8901106553613145
grid_scale: 0.3
resize_scale: 0.5
confiance: 0.4

random_seed: 1011
data_augmentation: True
samples: all
total_pred: 11404
total_real: 11073
