MAE: 5.561538461538461 [14, 4, 3, 9, 7, 6, 8, 5, 6, 3, 1, 6, 3, 6, 4, 14, 7, 9, 8, 4, 5, 6, 6, 2, 5, 9, 6, 3, 2, 2, 1, 5, 4, 2, 3, 7, 5, 9, 3, 13, 2, 8, 15, 2, 1, 0, 3, 3, 8, 14, 0, 14, 2, 6, 11, 1, 3, 4, 2, 1, 4, 1, 6, 3, 12, 1, 1, 7, 24, 3, 10, 4, 6, 11, 9, 6, 3, 2, 1, 4, 10, 1, 0, 4, 6, 5, 1, 2, 7, 7, 1, 4, 5, 0, 2, 1, 7, 4, 2, 2, 1, 2, 3, 12, 9, 6, 7, 5, 2, 1, 6, 8, 1, 0, 2, 11, 1, 15, 5, 1, 7, 3, 6, 1, 25, 5, 14, 49, 1, 0]
MAPE: 7.393569172944552 [21.875, 4.040404040404041, 3.125, 7.964601769911504, 5.785123966942149, 6.451612903225806, 8.791208791208792, 5.376344086021505, 6.25, 2.5, 0.8130081300813009, 4.918032786885246, 2.3622047244094486, 4.8, 8.16326530612245, 25.0, 12.068965517241379, 7.258064516129033, 10.666666666666668, 9.090909090909092, 8.19672131147541, 15.0, 8.21917808219178, 10.526315789473683, 17.24137931034483, 12.676056338028168, 12.5, 11.538461538461538, 6.25, 6.25, 2.7027027027027026, 7.6923076923076925, 5.797101449275362, 6.666666666666667, 10.0, 17.073170731707318, 19.230769230769234, 11.39240506329114, 11.538461538461538, 26.53061224489796, 2.564102564102564, 16.3265306122449, 12.711864406779661, 1.0810810810810811, 1.0526315789473684, 0.0, 3.1578947368421053, 6.382978723404255, 9.876543209876543, 6.278026905829597, 0.0, 13.725490196078432, 1.9607843137254901, 4.411764705882353, 11.34020618556701, 2.3255813953488373, 6.521739130434782, 8.16326530612245, 2.631578947368421, 3.8461538461538463, 4.301075268817205, 0.8771929824561403, 3.571428571428571, 3.614457831325301, 5.0, 1.3157894736842104, 1.7241379310344827, 12.068965517241379, 10.256410256410255, 6.382978723404255, 16.39344262295082, 8.51063829787234, 3.571428571428571, 5.41871921182266, 4.245283018867925, 8.333333333333332, 4.615384615384616, 3.508771929824561, 2.4390243902439024, 3.1746031746031744, 55.55555555555556, 2.857142857142857, 0.0, 7.2727272727272725, 15.789473684210526, 9.803921568627452, 2.7777777777777777, 2.380952380952381, 7.142857142857142, 4.72972972972973, 2.083333333333333, 4.761904761904762, 10.416666666666668, 0.0, 2.631578947368421, 1.0416666666666665, 4.191616766467066, 8.695652173913043, 4.166666666666666, 1.8691588785046727, 1.8518518518518516, 3.4482758620689653, 1.7964071856287425, 8.695652173913043, 5.202312138728324, 2.9702970297029703, 5.343511450381679, 6.756756756756757, 4.651162790697675, 1.7857142857142856, 5.454545454545454, 18.6046511627907, 6.25, 0.0, 5.128205128205128, 22.916666666666664, 2.0, 18.51851851851852, 12.82051282051282, 3.3333333333333335, 10.294117647058822, 6.521739130434782, 5.042016806722689, 0.7462686567164178, 9.328358208955224, 9.25925925925926, 5.323193916349809, 17.5, 3.4482758620689653, 0.0]
RMSE: 8.074175356796983
grid_scale: 0.4
resize_scale: 0.5
confiance: 0.35

random_seed: 1011
data_augmentation: True
samples: all
total_pred: 11658
total_real: 11073
