MAE: 6.223076923076923 [4, 3, 3, 4, 1, 1, 3, 10, 2, 6, 13, 10, 14, 4, 4, 0, 4, 7, 3, 1, 1, 1, 2, 1, 2, 4, 0, 0, 0, 1, 1, 1, 4, 3, 0, 2, 4, 6, 2, 1, 8, 3, 40, 20, 23, 3, 1, 12, 5, 9, 2, 1, 6, 6, 3, 2, 2, 0, 4, 0, 18, 48, 10, 0, 10, 3, 8, 1, 7, 2, 7, 14, 10, 19, 7, 2, 2, 3, 9, 15, 18, 3, 4, 6, 15, 2, 1, 2, 5, 2, 13, 7, 1, 3, 5, 22, 0, 8, 8, 4, 6, 5, 17, 18, 7, 22, 24, 0, 2, 1, 16, 0, 1, 2, 3, 0, 1, 3, 6, 5, 4, 4, 6, 4, 9, 3, 11, 6, 6, 10]
MAPE: 8.256248774435699 [6.25, 3.0303030303030303, 3.125, 3.5398230088495577, 0.8264462809917356, 1.0752688172043012, 3.296703296703297, 10.75268817204301, 2.083333333333333, 5.0, 10.569105691056912, 8.19672131147541, 11.023622047244094, 3.2, 8.16326530612245, 0.0, 6.896551724137931, 5.64516129032258, 4.0, 2.272727272727273, 1.639344262295082, 2.5, 2.73972602739726, 5.263157894736842, 6.896551724137931, 5.633802816901409, 0.0, 0.0, 0.0, 3.125, 2.7027027027027026, 1.5384615384615385, 5.797101449275362, 10.0, 0.0, 4.878048780487805, 15.384615384615385, 7.59493670886076, 7.6923076923076925, 2.0408163265306123, 10.256410256410255, 6.122448979591836, 33.89830508474576, 10.81081081081081, 24.210526315789473, 5.263157894736842, 1.0526315789473684, 25.53191489361702, 6.172839506172839, 4.0358744394618835, 2.0, 0.9803921568627451, 5.88235294117647, 4.411764705882353, 3.0927835051546393, 4.651162790697675, 4.3478260869565215, 0.0, 5.263157894736842, 0.0, 19.35483870967742, 42.10526315789473, 5.952380952380952, 0.0, 4.166666666666666, 3.9473684210526314, 13.793103448275861, 1.7241379310344827, 2.9914529914529915, 4.25531914893617, 11.475409836065573, 29.78723404255319, 5.952380952380952, 9.35960591133005, 3.30188679245283, 2.7777777777777777, 3.076923076923077, 5.263157894736842, 21.951219512195124, 11.904761904761903, 100.0, 8.571428571428571, 12.903225806451612, 10.909090909090908, 39.473684210526315, 3.9215686274509802, 2.7777777777777777, 2.380952380952381, 5.1020408163265305, 1.3513513513513513, 27.083333333333332, 8.333333333333332, 2.083333333333333, 6.521739130434782, 6.578947368421052, 22.916666666666664, 0.0, 17.391304347826086, 16.666666666666664, 3.7383177570093453, 11.11111111111111, 8.620689655172415, 10.179640718562874, 13.043478260869565, 4.046242774566474, 10.891089108910892, 18.3206106870229, 0.0, 4.651162790697675, 1.7857142857142856, 14.545454545454545, 0.0, 6.25, 8.695652173913043, 7.6923076923076925, 0.0, 2.0, 3.7037037037037033, 15.384615384615385, 16.666666666666664, 5.88235294117647, 8.695652173913043, 5.042016806722689, 2.9850746268656714, 3.3582089552238807, 5.555555555555555, 4.182509505703422, 2.142857142857143, 20.689655172413794, 12.987012987012985]
RMSE: 9.615292307249227
grid_scale: 0.4
resize_scale: 0.5
confiance: 0.5

random_seed: 1011
data_augmentation: True
samples: all
total_pred: 10338
total_real: 11073
