MAE: 6.561538461538461 [16, 1, 4, 7, 12, 9, 3, 5, 9, 7, 3, 2, 1, 3, 5, 6, 13, 8, 6, 5, 6, 8, 7, 6, 4, 9, 8, 2, 4, 1, 1, 9, 7, 2, 3, 5, 2, 12, 7, 10, 5, 2, 10, 2, 2, 3, 8, 5, 7, 11, 7, 15, 1, 2, 4, 3, 5, 5, 2, 3, 4, 16, 4, 6, 19, 4, 3, 8, 29, 1, 10, 1, 14, 10, 22, 5, 0, 0, 5, 4, 17, 3, 2, 4, 12, 1, 0, 3, 4, 9, 2, 1, 5, 7, 4, 1, 11, 0, 4, 7, 2, 2, 17, 19, 9, 5, 0, 10, 4, 4, 6, 6, 1, 0, 4, 5, 3, 8, 6, 2, 6, 2, 10, 10, 19, 8, 25, 53, 1, 4]
MAPE: 8.868528149469553 [25.0, 1.0101010101010102, 4.166666666666666, 6.1946902654867255, 9.917355371900827, 9.67741935483871, 3.296703296703297, 5.376344086021505, 9.375, 5.833333333333333, 2.4390243902439024, 1.639344262295082, 0.7874015748031495, 2.4, 10.204081632653061, 10.714285714285714, 22.413793103448278, 6.451612903225806, 8.0, 11.363636363636363, 9.836065573770492, 20.0, 9.58904109589041, 31.57894736842105, 13.793103448275861, 12.676056338028168, 16.666666666666664, 7.6923076923076925, 12.5, 3.125, 2.7027027027027026, 13.846153846153847, 10.144927536231885, 6.666666666666667, 10.0, 12.195121951219512, 7.6923076923076925, 15.18987341772152, 26.923076923076923, 20.408163265306122, 6.41025641025641, 4.081632653061225, 8.47457627118644, 1.0810810810810811, 2.1052631578947367, 5.263157894736842, 8.421052631578947, 10.638297872340425, 8.641975308641975, 4.932735426008969, 7.000000000000001, 14.705882352941178, 0.9803921568627451, 1.4705882352941175, 4.123711340206185, 6.976744186046512, 10.869565217391305, 10.204081632653061, 2.631578947368421, 11.538461538461538, 4.301075268817205, 14.035087719298245, 2.380952380952381, 7.228915662650602, 7.916666666666666, 5.263157894736842, 5.172413793103448, 13.793103448275861, 12.393162393162394, 2.127659574468085, 16.39344262295082, 2.127659574468085, 8.333333333333332, 4.926108374384237, 10.377358490566039, 6.944444444444445, 0.0, 0.0, 12.195121951219512, 3.1746031746031744, 94.44444444444444, 8.571428571428571, 6.451612903225806, 7.2727272727272725, 31.57894736842105, 1.9607843137254901, 0.0, 3.571428571428571, 4.081632653061225, 6.081081081081082, 4.166666666666666, 1.1904761904761905, 10.416666666666668, 15.217391304347828, 5.263157894736842, 1.0416666666666665, 6.58682634730539, 0.0, 8.333333333333332, 6.5420560747663545, 3.7037037037037033, 3.4482758620689653, 10.179640718562874, 13.768115942028986, 5.202312138728324, 2.4752475247524752, 0.0, 13.513513513513514, 9.30232558139535, 7.142857142857142, 5.454545454545454, 13.953488372093023, 6.25, 0.0, 10.256410256410255, 10.416666666666668, 6.0, 9.876543209876543, 15.384615384615385, 6.666666666666667, 8.823529411764707, 4.3478260869565215, 8.403361344537815, 7.462686567164178, 7.08955223880597, 14.814814814814813, 9.505703422053232, 18.928571428571427, 3.4482758620689653, 5.194805194805195]
RMSE: 9.342623581447311
grid_scale: 0.35
resize_scale: 0.5
confiance: 0.35

random_seed: 1011
data_augmentation: True
samples: all
total_pred: 11720
total_real: 11073
