MAE: 5.507692307692308 [15, 1, 7, 4, 11, 2, 8, 0, 6, 4, 1, 6, 1, 3, 4, 4, 8, 1, 2, 3, 9, 5, 7, 3, 4, 2, 8, 2, 1, 0, 2, 1, 5, 1, 2, 3, 0, 10, 2, 6, 1, 2, 18, 5, 2, 0, 4, 6, 7, 8, 2, 11, 0, 7, 4, 0, 0, 3, 2, 2, 6, 22, 4, 2, 20, 6, 0, 1, 25, 6, 8, 5, 5, 12, 39, 8, 4, 2, 5, 8, 18, 1, 1, 1, 3, 1, 1, 6, 5, 7, 5, 2, 1, 5, 1, 8, 9, 2, 2, 2, 1, 5, 4, 11, 9, 1, 2, 7, 2, 3, 6, 4, 1, 1, 1, 8, 5, 6, 2, 1, 6, 1, 13, 8, 21, 1, 15, 51, 1, 2]
MAPE: 6.951334203051713 [23.4375, 1.0101010101010102, 7.291666666666667, 3.5398230088495577, 9.090909090909092, 2.1505376344086025, 8.791208791208792, 0.0, 6.25, 3.3333333333333335, 0.8130081300813009, 4.918032786885246, 0.7874015748031495, 2.4, 8.16326530612245, 7.142857142857142, 13.793103448275861, 0.8064516129032258, 2.666666666666667, 6.8181818181818175, 14.754098360655737, 12.5, 9.58904109589041, 15.789473684210526, 13.793103448275861, 2.8169014084507045, 16.666666666666664, 7.6923076923076925, 3.125, 0.0, 5.405405405405405, 1.5384615384615385, 7.246376811594203, 3.3333333333333335, 6.666666666666667, 7.317073170731707, 0.0, 12.658227848101266, 7.6923076923076925, 12.244897959183673, 1.282051282051282, 4.081632653061225, 15.254237288135593, 2.7027027027027026, 2.1052631578947367, 0.0, 4.2105263157894735, 12.76595744680851, 8.641975308641975, 3.587443946188341, 2.0, 10.784313725490197, 0.0, 5.147058823529411, 4.123711340206185, 0.0, 0.0, 6.122448979591836, 2.631578947368421, 7.6923076923076925, 6.451612903225806, 19.298245614035086, 2.380952380952381, 2.4096385542168677, 8.333333333333332, 7.894736842105263, 0.0, 1.7241379310344827, 10.683760683760683, 12.76595744680851, 13.114754098360656, 10.638297872340425, 2.976190476190476, 5.911330049261084, 18.39622641509434, 11.11111111111111, 6.153846153846154, 3.508771929824561, 12.195121951219512, 6.349206349206349, 100.0, 2.857142857142857, 3.225806451612903, 1.8181818181818181, 7.894736842105263, 1.9607843137254901, 2.7777777777777777, 7.142857142857142, 5.1020408163265305, 4.72972972972973, 10.416666666666668, 2.380952380952381, 2.083333333333333, 10.869565217391305, 1.3157894736842104, 8.333333333333332, 5.389221556886228, 4.3478260869565215, 4.166666666666666, 1.8691588785046727, 1.8518518518518516, 8.620689655172415, 2.3952095808383236, 7.971014492753622, 5.202312138728324, 0.49504950495049505, 1.5267175572519083, 9.45945945945946, 4.651162790697675, 5.357142857142857, 5.454545454545454, 9.30232558139535, 6.25, 4.3478260869565215, 2.564102564102564, 16.666666666666664, 10.0, 7.4074074074074066, 5.128205128205128, 3.3333333333333335, 8.823529411764707, 2.1739130434782608, 10.92436974789916, 5.970149253731343, 7.835820895522389, 1.8518518518518516, 5.7034220532319395, 18.21428571428571, 3.4482758620689653, 2.5974025974025974]
RMSE: 8.834373426913412
grid_scale: 0.4
resize_scale: 0.5
confiance: 0.35

random_seed: 1011
data_augmentation: True
samples: all
total_pred: 11561
total_real: 11073
