MAE: 3.8846153846153846 [12, 6, 2, 4, 1, 2, 1, 5, 3, 2, 1, 1, 4, 0, 2, 4, 6, 6, 2, 1, 3, 1, 2, 3, 2, 0, 1, 0, 1, 0, 1, 1, 1, 0, 2, 3, 1, 5, 0, 2, 3, 1, 31, 13, 2, 3, 5, 5, 2, 5, 4, 3, 5, 9, 1, 0, 0, 1, 3, 1, 2, 8, 4, 3, 10, 1, 4, 3, 7, 5, 4, 7, 5, 5, 14, 3, 2, 1, 1, 11, 17, 0, 2, 6, 14, 2, 1, 1, 1, 6, 6, 3, 2, 2, 5, 6, 4, 3, 1, 0, 5, 3, 15, 0, 1, 13, 17, 2, 1, 0, 14, 2, 1, 1, 2, 2, 0, 5, 4, 2, 0, 3, 3, 5, 2, 1, 1, 20, 4, 3]
MAPE: 5.4515370108297185 [18.75, 6.0606060606060606, 2.083333333333333, 3.5398230088495577, 0.8264462809917356, 2.1505376344086025, 1.098901098901099, 5.376344086021505, 3.125, 1.6666666666666667, 0.8130081300813009, 0.819672131147541, 3.149606299212598, 0.0, 4.081632653061225, 7.142857142857142, 10.344827586206897, 4.838709677419355, 2.666666666666667, 2.272727272727273, 4.918032786885246, 2.5, 2.73972602739726, 15.789473684210526, 6.896551724137931, 0.0, 2.083333333333333, 0.0, 3.125, 0.0, 2.7027027027027026, 1.5384615384615385, 1.4492753623188406, 0.0, 6.666666666666667, 7.317073170731707, 3.8461538461538463, 6.329113924050633, 0.0, 4.081632653061225, 3.8461538461538463, 2.0408163265306123, 26.27118644067797, 7.027027027027027, 2.1052631578947367, 5.263157894736842, 5.263157894736842, 10.638297872340425, 2.4691358024691357, 2.242152466367713, 4.0, 2.941176470588235, 4.901960784313726, 6.61764705882353, 1.0309278350515463, 0.0, 0.0, 2.0408163265306123, 3.9473684210526314, 3.8461538461538463, 2.1505376344086025, 7.017543859649122, 2.380952380952381, 3.614457831325301, 4.166666666666666, 1.3157894736842104, 6.896551724137931, 5.172413793103448, 2.9914529914529915, 10.638297872340425, 6.557377049180328, 14.893617021276595, 2.976190476190476, 2.4630541871921183, 6.60377358490566, 4.166666666666666, 3.076923076923077, 1.7543859649122806, 2.4390243902439024, 8.73015873015873, 94.44444444444444, 0.0, 6.451612903225806, 10.909090909090908, 36.84210526315789, 3.9215686274509802, 2.7777777777777777, 1.1904761904761905, 1.0204081632653061, 4.054054054054054, 12.5, 3.571428571428571, 4.166666666666666, 4.3478260869565215, 6.578947368421052, 6.25, 2.3952095808383236, 6.521739130434782, 2.083333333333333, 0.0, 9.25925925925926, 5.172413793103448, 8.982035928143713, 0.0, 0.5780346820809248, 6.435643564356436, 12.977099236641221, 2.7027027027027026, 2.3255813953488373, 0.0, 12.727272727272727, 4.651162790697675, 6.25, 4.3478260869565215, 5.128205128205128, 4.166666666666666, 0.0, 6.172839506172839, 10.256410256410255, 6.666666666666667, 0.0, 6.521739130434782, 2.5210084033613445, 3.731343283582089, 0.7462686567164178, 1.8518518518518516, 0.38022813688212925, 7.142857142857142, 13.793103448275861, 3.896103896103896]
RMSE: 6.0185610342570195
grid_scale: 0.35
resize_scale: 0.5
confiance: 0.5

random_seed: 1011
data_augmentation: True
samples: all
total_pred: 10822
total_real: 11073
