MAE: 3.853846153846154 [6, 9, 3, 1, 1, 2, 2, 2, 1, 2, 4, 6, 7, 1, 1, 4, 4, 7, 3, 1, 5, 1, 4, 1, 3, 4, 0, 0, 3, 3, 2, 5, 2, 1, 1, 2, 2, 7, 1, 3, 2, 2, 18, 16, 3, 2, 1, 3, 0, 13, 3, 4, 2, 6, 2, 0, 1, 1, 4, 0, 6, 7, 3, 3, 5, 1, 2, 1, 5, 0, 2, 3, 7, 8, 3, 3, 0, 2, 1, 8, 16, 1, 2, 6, 13, 1, 1, 1, 0, 4, 3, 3, 3, 2, 4, 8, 3, 2, 4, 1, 4, 4, 15, 5, 9, 20, 11, 0, 0, 1, 11, 2, 1, 1, 1, 0, 0, 3, 1, 5, 9, 1, 4, 3, 9, 3, 8, 20, 1, 1]
MAPE: 5.1850559561335885 [9.375, 9.090909090909092, 3.125, 0.8849557522123894, 0.8264462809917356, 2.1505376344086025, 2.197802197802198, 2.1505376344086025, 1.0416666666666665, 1.6666666666666667, 3.2520325203252036, 4.918032786885246, 5.511811023622047, 0.8, 2.0408163265306123, 7.142857142857142, 6.896551724137931, 5.64516129032258, 4.0, 2.272727272727273, 8.19672131147541, 2.5, 5.47945205479452, 5.263157894736842, 10.344827586206897, 5.633802816901409, 0.0, 0.0, 9.375, 9.375, 5.405405405405405, 7.6923076923076925, 2.898550724637681, 3.3333333333333335, 3.3333333333333335, 4.878048780487805, 7.6923076923076925, 8.860759493670885, 3.8461538461538463, 6.122448979591836, 2.564102564102564, 4.081632653061225, 15.254237288135593, 8.64864864864865, 3.1578947368421053, 3.508771929824561, 1.0526315789473684, 6.382978723404255, 0.0, 5.829596412556054, 3.0, 3.9215686274509802, 1.9607843137254901, 4.411764705882353, 2.0618556701030926, 0.0, 2.1739130434782608, 2.0408163265306123, 5.263157894736842, 0.0, 6.451612903225806, 6.140350877192982, 1.7857142857142856, 3.614457831325301, 2.083333333333333, 1.3157894736842104, 3.4482758620689653, 1.7241379310344827, 2.1367521367521367, 0.0, 3.278688524590164, 6.382978723404255, 4.166666666666666, 3.9408866995073892, 1.4150943396226416, 4.166666666666666, 0.0, 3.508771929824561, 2.4390243902439024, 6.349206349206349, 88.88888888888889, 2.857142857142857, 6.451612903225806, 10.909090909090908, 34.21052631578947, 1.9607843137254901, 2.7777777777777777, 1.1904761904761905, 0.0, 2.7027027027027026, 6.25, 3.571428571428571, 6.25, 4.3478260869565215, 5.263157894736842, 8.333333333333332, 1.7964071856287425, 4.3478260869565215, 8.333333333333332, 0.9345794392523363, 7.4074074074074066, 6.896551724137931, 8.982035928143713, 3.6231884057971016, 5.202312138728324, 9.900990099009901, 8.396946564885496, 0.0, 0.0, 1.7857142857142856, 10.0, 4.651162790697675, 6.25, 4.3478260869565215, 2.564102564102564, 0.0, 0.0, 3.7037037037037033, 2.564102564102564, 16.666666666666664, 13.23529411764706, 2.1739130434782608, 3.361344537815126, 2.2388059701492535, 3.3582089552238807, 5.555555555555555, 3.041825095057034, 7.142857142857142, 3.4482758620689653, 1.2987012987012987]
RMSE: 5.617965687109388
grid_scale: 0.45
resize_scale: 0.5
confiance: 0.45

random_seed: 1011
data_augmentation: True
samples: all
total_pred: 10826
total_real: 11073
