MAE: 5.753846153846154 [11, 2, 2, 7, 10, 3, 3, 1, 6, 4, 0, 1, 1, 1, 7, 6, 8, 7, 10, 5, 4, 4, 9, 3, 6, 6, 10, 1, 3, 2, 7, 8, 10, 0, 4, 8, 2, 11, 5, 6, 2, 4, 14, 4, 8, 2, 7, 5, 6, 5, 3, 14, 2, 9, 4, 2, 8, 4, 2, 3, 6, 22, 3, 3, 13, 1, 0, 2, 18, 2, 14, 3, 11, 2, 12, 10, 3, 3, 1, 0, 17, 5, 1, 3, 8, 1, 0, 4, 11, 5, 3, 3, 3, 5, 3, 6, 12, 2, 1, 5, 1, 3, 13, 19, 10, 4, 1, 7, 4, 2, 8, 8, 2, 0, 1, 6, 0, 6, 1, 1, 8, 0, 8, 11, 20, 6, 12, 45, 1, 1]
MAPE: 8.018881476988431 [17.1875, 2.0202020202020203, 2.083333333333333, 6.1946902654867255, 8.264462809917356, 3.225806451612903, 3.296703296703297, 1.0752688172043012, 6.25, 3.3333333333333335, 0.0, 0.819672131147541, 0.7874015748031495, 0.8, 14.285714285714285, 10.714285714285714, 13.793103448275861, 5.64516129032258, 13.333333333333334, 11.363636363636363, 6.557377049180328, 10.0, 12.32876712328767, 15.789473684210526, 20.689655172413794, 8.450704225352112, 20.833333333333336, 3.8461538461538463, 9.375, 6.25, 18.91891891891892, 12.307692307692308, 14.492753623188406, 0.0, 13.333333333333334, 19.51219512195122, 7.6923076923076925, 13.924050632911392, 19.230769230769234, 12.244897959183673, 2.564102564102564, 8.16326530612245, 11.864406779661017, 2.1621621621621623, 8.421052631578947, 3.508771929824561, 7.368421052631578, 10.638297872340425, 7.4074074074074066, 2.242152466367713, 3.0, 13.725490196078432, 1.9607843137254901, 6.61764705882353, 4.123711340206185, 4.651162790697675, 17.391304347826086, 8.16326530612245, 2.631578947368421, 11.538461538461538, 6.451612903225806, 19.298245614035086, 1.7857142857142856, 3.614457831325301, 5.416666666666667, 1.3157894736842104, 0.0, 3.4482758620689653, 7.6923076923076925, 4.25531914893617, 22.950819672131146, 6.382978723404255, 6.547619047619048, 0.9852216748768473, 5.660377358490567, 13.88888888888889, 4.615384615384616, 5.263157894736842, 2.4390243902439024, 0.0, 94.44444444444444, 14.285714285714285, 3.225806451612903, 5.454545454545454, 21.052631578947366, 1.9607843137254901, 0.0, 4.761904761904762, 11.224489795918368, 3.3783783783783785, 6.25, 3.571428571428571, 6.25, 10.869565217391305, 3.9473684210526314, 6.25, 7.18562874251497, 4.3478260869565215, 2.083333333333333, 4.672897196261682, 1.8518518518518516, 5.172413793103448, 7.784431137724551, 13.768115942028986, 5.780346820809249, 1.9801980198019802, 0.7633587786259541, 9.45945945945946, 9.30232558139535, 3.571428571428571, 7.2727272727272725, 18.6046511627907, 12.5, 0.0, 2.564102564102564, 12.5, 0.0, 7.4074074074074066, 2.564102564102564, 3.3333333333333335, 11.76470588235294, 0.0, 6.722689075630252, 8.208955223880597, 7.462686567164178, 11.11111111111111, 4.562737642585551, 16.071428571428573, 3.4482758620689653, 1.2987012987012987]
RMSE: 8.106977052087721
grid_scale: 0.35
resize_scale: 0.5
confiance: 0.35

random_seed: 1011
data_augmentation: True
samples: all
total_pred: 11559
total_real: 11073
