MAE: 4.661538461538462 [7, 4, 3, 1, 3, 1, 0, 0, 1, 2, 10, 6, 10, 2, 3, 1, 5, 2, 1, 0, 3, 0, 2, 1, 1, 1, 4, 0, 0, 0, 0, 5, 3, 1, 1, 0, 4, 3, 2, 0, 8, 0, 39, 17, 9, 2, 5, 9, 2, 6, 3, 7, 6, 1, 1, 3, 0, 1, 4, 2, 12, 41, 2, 2, 3, 0, 2, 1, 9, 2, 4, 8, 6, 14, 7, 2, 3, 1, 9, 13, 18, 0, 1, 6, 13, 4, 3, 1, 5, 8, 10, 0, 0, 2, 2, 12, 4, 1, 7, 1, 5, 2, 10, 1, 9, 21, 18, 1, 2, 1, 15, 4, 1, 2, 0, 1, 2, 1, 2, 4, 0, 1, 2, 0, 0, 3, 6, 29, 0, 6]
MAPE: 6.199258506911227 [10.9375, 4.040404040404041, 3.125, 0.8849557522123894, 2.479338842975207, 1.0752688172043012, 0.0, 0.0, 1.0416666666666665, 1.6666666666666667, 8.130081300813007, 4.918032786885246, 7.874015748031496, 1.6, 6.122448979591836, 1.7857142857142856, 8.620689655172415, 1.6129032258064515, 1.3333333333333335, 0.0, 4.918032786885246, 0.0, 2.73972602739726, 5.263157894736842, 3.4482758620689653, 1.4084507042253522, 8.333333333333332, 0.0, 0.0, 0.0, 0.0, 7.6923076923076925, 4.3478260869565215, 3.3333333333333335, 3.3333333333333335, 0.0, 15.384615384615385, 3.79746835443038, 7.6923076923076925, 0.0, 10.256410256410255, 0.0, 33.05084745762712, 9.18918918918919, 9.473684210526317, 3.508771929824561, 5.263157894736842, 19.148936170212767, 2.4691358024691357, 2.690582959641256, 3.0, 6.862745098039216, 5.88235294117647, 0.7352941176470588, 1.0309278350515463, 6.976744186046512, 0.0, 2.0408163265306123, 5.263157894736842, 7.6923076923076925, 12.903225806451612, 35.96491228070175, 1.1904761904761905, 2.4096385542168677, 1.25, 0.0, 3.4482758620689653, 1.7241379310344827, 3.8461538461538463, 4.25531914893617, 6.557377049180328, 17.02127659574468, 3.571428571428571, 6.896551724137931, 3.30188679245283, 2.7777777777777777, 4.615384615384616, 1.7543859649122806, 21.951219512195124, 10.317460317460316, 100.0, 0.0, 3.225806451612903, 10.909090909090908, 34.21052631578947, 7.8431372549019605, 8.333333333333332, 1.1904761904761905, 5.1020408163265305, 5.405405405405405, 20.833333333333336, 0.0, 0.0, 4.3478260869565215, 2.631578947368421, 12.5, 2.3952095808383236, 2.1739130434782608, 14.583333333333334, 0.9345794392523363, 9.25925925925926, 3.4482758620689653, 5.9880239520958085, 0.7246376811594203, 5.202312138728324, 10.396039603960396, 13.740458015267176, 1.3513513513513513, 4.651162790697675, 1.7857142857142856, 13.636363636363635, 9.30232558139535, 6.25, 8.695652173913043, 0.0, 2.083333333333333, 4.0, 1.2345679012345678, 5.128205128205128, 13.333333333333334, 0.0, 2.1739130434782608, 1.680672268907563, 0.0, 0.0, 5.555555555555555, 2.2813688212927756, 10.357142857142858, 0.0, 7.792207792207792]
RMSE: 8.038369524685004
grid_scale: 0.4
resize_scale: 0.5
confiance: 0.45

random_seed: 1011
data_augmentation: True
samples: all
total_pred: 10779
total_real: 11073
