MAE: 5.923076923076923 [22, 1, 3, 7, 6, 8, 10, 3, 5, 1, 1, 5, 2, 5, 3, 4, 9, 7, 3, 2, 8, 8, 9, 2, 5, 1, 6, 2, 2, 4, 4, 8, 7, 2, 1, 5, 0, 11, 1, 10, 2, 10, 1, 2, 5, 4, 10, 0, 3, 12, 5, 18, 3, 8, 8, 1, 2, 4, 3, 4, 8, 12, 5, 6, 5, 1, 3, 3, 22, 1, 7, 3, 12, 8, 22, 7, 8, 5, 3, 5, 18, 2, 1, 5, 12, 5, 1, 3, 7, 7, 4, 1, 6, 7, 3, 8, 10, 3, 3, 4, 3, 4, 4, 16, 11, 6, 2, 7, 0, 3, 3, 4, 2, 1, 0, 4, 1, 16, 1, 0, 12, 0, 5, 5, 17, 12, 15, 49, 2, 1]
MAPE: 8.113189405838922 [34.375, 1.0101010101010102, 3.125, 6.1946902654867255, 4.958677685950414, 8.60215053763441, 10.989010989010989, 3.225806451612903, 5.208333333333334, 0.8333333333333334, 0.8130081300813009, 4.098360655737705, 1.574803149606299, 4.0, 6.122448979591836, 7.142857142857142, 15.517241379310345, 5.64516129032258, 4.0, 4.545454545454546, 13.114754098360656, 20.0, 12.32876712328767, 10.526315789473683, 17.24137931034483, 1.4084507042253522, 12.5, 7.6923076923076925, 6.25, 12.5, 10.81081081081081, 12.307692307692308, 10.144927536231885, 6.666666666666667, 3.3333333333333335, 12.195121951219512, 0.0, 13.924050632911392, 3.8461538461538463, 20.408163265306122, 2.564102564102564, 20.408163265306122, 0.847457627118644, 1.0810810810810811, 5.263157894736842, 7.017543859649122, 10.526315789473683, 0.0, 3.7037037037037033, 5.381165919282512, 5.0, 17.647058823529413, 2.941176470588235, 5.88235294117647, 8.24742268041237, 2.3255813953488373, 4.3478260869565215, 8.16326530612245, 3.9473684210526314, 15.384615384615385, 8.60215053763441, 10.526315789473683, 2.976190476190476, 7.228915662650602, 2.083333333333333, 1.3157894736842104, 5.172413793103448, 5.172413793103448, 9.401709401709402, 2.127659574468085, 11.475409836065573, 6.382978723404255, 7.142857142857142, 3.9408866995073892, 10.377358490566039, 9.722222222222223, 12.307692307692308, 8.771929824561402, 7.317073170731707, 3.968253968253968, 100.0, 5.714285714285714, 3.225806451612903, 9.090909090909092, 31.57894736842105, 9.803921568627452, 2.7777777777777777, 3.571428571428571, 7.142857142857142, 4.72972972972973, 8.333333333333332, 1.1904761904761905, 12.5, 15.217391304347828, 3.9473684210526314, 8.333333333333332, 5.9880239520958085, 6.521739130434782, 6.25, 3.7383177570093453, 5.555555555555555, 6.896551724137931, 2.3952095808383236, 11.594202898550725, 6.358381502890173, 2.9702970297029703, 1.5267175572519083, 9.45945945945946, 0.0, 5.357142857142857, 2.727272727272727, 9.30232558139535, 12.5, 4.3478260869565215, 0.0, 8.333333333333332, 2.0, 19.753086419753085, 2.564102564102564, 0.0, 17.647058823529413, 0.0, 4.201680672268908, 3.731343283582089, 6.343283582089552, 22.22222222222222, 5.7034220532319395, 17.5, 6.896551724137931, 1.2987012987012987]
RMSE: 8.482561296792742
grid_scale: 0.4
resize_scale: 0.5
confiance: 0.35

random_seed: 1011
data_augmentation: True
samples: all
total_pred: 11645
total_real: 11073
