MAE: 4.223076923076923 [11, 6, 1, 2, 4, 2, 1, 1, 0, 0, 6, 3, 6, 0, 4, 3, 6, 2, 2, 4, 2, 2, 2, 1, 1, 0, 3, 2, 1, 1, 2, 2, 5, 0, 1, 1, 3, 3, 0, 5, 2, 1, 26, 13, 9, 2, 3, 8, 1, 5, 5, 2, 4, 0, 0, 2, 4, 2, 1, 2, 14, 28, 5, 1, 5, 3, 4, 3, 15, 3, 6, 13, 2, 9, 9, 0, 4, 1, 10, 8, 18, 1, 2, 3, 11, 1, 2, 1, 3, 7, 8, 4, 3, 0, 3, 17, 8, 0, 9, 2, 5, 1, 7, 1, 4, 13, 10, 4, 1, 3, 8, 6, 1, 1, 1, 1, 0, 0, 2, 4, 1, 2, 1, 1, 4, 3, 2, 20, 1, 2]
MAPE: 6.168706979409388 [17.1875, 6.0606060606060606, 1.0416666666666665, 1.7699115044247788, 3.3057851239669422, 2.1505376344086025, 1.098901098901099, 1.0752688172043012, 0.0, 0.0, 4.878048780487805, 2.459016393442623, 4.724409448818897, 0.0, 8.16326530612245, 5.357142857142857, 10.344827586206897, 1.6129032258064515, 2.666666666666667, 9.090909090909092, 3.278688524590164, 5.0, 2.73972602739726, 5.263157894736842, 3.4482758620689653, 0.0, 6.25, 7.6923076923076925, 3.125, 3.125, 5.405405405405405, 3.076923076923077, 7.246376811594203, 0.0, 3.3333333333333335, 2.4390243902439024, 11.538461538461538, 3.79746835443038, 0.0, 10.204081632653061, 2.564102564102564, 2.0408163265306123, 22.033898305084744, 7.027027027027027, 9.473684210526317, 3.508771929824561, 3.1578947368421053, 17.02127659574468, 1.2345679012345678, 2.242152466367713, 5.0, 1.9607843137254901, 3.9215686274509802, 0.0, 0.0, 4.651162790697675, 8.695652173913043, 4.081632653061225, 1.3157894736842104, 7.6923076923076925, 15.053763440860216, 24.561403508771928, 2.976190476190476, 1.2048192771084338, 2.083333333333333, 3.9473684210526314, 6.896551724137931, 5.172413793103448, 6.41025641025641, 6.382978723404255, 9.836065573770492, 27.659574468085108, 1.1904761904761905, 4.433497536945813, 4.245283018867925, 0.0, 6.153846153846154, 1.7543859649122806, 24.390243902439025, 6.349206349206349, 100.0, 2.857142857142857, 6.451612903225806, 5.454545454545454, 28.947368421052634, 1.9607843137254901, 5.555555555555555, 1.1904761904761905, 3.061224489795918, 4.72972972972973, 16.666666666666664, 4.761904761904762, 6.25, 0.0, 3.9473684210526314, 17.708333333333336, 4.790419161676647, 0.0, 18.75, 1.8691588785046727, 9.25925925925926, 1.7241379310344827, 4.191616766467066, 0.7246376811594203, 2.312138728323699, 6.435643564356436, 7.633587786259542, 5.405405405405405, 2.3255813953488373, 5.357142857142857, 7.2727272727272725, 13.953488372093023, 6.25, 4.3478260869565215, 2.564102564102564, 2.083333333333333, 0.0, 0.0, 5.128205128205128, 13.333333333333334, 1.4705882352941175, 4.3478260869565215, 0.8403361344537815, 0.7462686567164178, 1.4925373134328357, 5.555555555555555, 0.7604562737642585, 7.142857142857142, 3.4482758620689653, 2.5974025974025974]
RMSE: 6.461126360484977
grid_scale: 0.35
resize_scale: 0.5
confiance: 0.45

random_seed: 1011
data_augmentation: True
samples: all
total_pred: 10934
total_real: 11073
