MAE: 4.653846153846154 [7, 11, 2, 5, 0, 1, 3, 2, 2, 3, 6, 5, 6, 1, 2, 2, 7, 1, 2, 1, 5, 2, 4, 1, 3, 3, 1, 1, 2, 6, 0, 6, 0, 1, 1, 1, 3, 1, 1, 4, 4, 0, 22, 13, 17, 3, 3, 6, 1, 9, 0, 7, 3, 4, 1, 1, 3, 3, 2, 0, 20, 50, 5, 3, 3, 1, 3, 2, 3, 0, 5, 10, 4, 12, 1, 4, 4, 0, 1, 16, 18, 0, 1, 6, 13, 0, 1, 2, 4, 3, 9, 4, 3, 1, 0, 20, 2, 2, 3, 3, 4, 2, 5, 0, 3, 21, 20, 2, 2, 2, 11, 4, 0, 1, 1, 3, 0, 6, 7, 1, 5, 2, 0, 2, 15, 3, 0, 21, 0, 3]
MAPE: 6.34082121346054 [10.9375, 11.11111111111111, 2.083333333333333, 4.424778761061947, 0.0, 1.0752688172043012, 3.296703296703297, 2.1505376344086025, 2.083333333333333, 2.5, 4.878048780487805, 4.098360655737705, 4.724409448818897, 0.8, 4.081632653061225, 3.571428571428571, 12.068965517241379, 0.8064516129032258, 2.666666666666667, 2.272727272727273, 8.19672131147541, 5.0, 5.47945205479452, 5.263157894736842, 10.344827586206897, 4.225352112676056, 2.083333333333333, 3.8461538461538463, 6.25, 18.75, 0.0, 9.230769230769232, 0.0, 3.3333333333333335, 3.3333333333333335, 2.4390243902439024, 11.538461538461538, 1.2658227848101267, 3.8461538461538463, 8.16326530612245, 5.128205128205128, 0.0, 18.64406779661017, 7.027027027027027, 17.894736842105264, 5.263157894736842, 3.1578947368421053, 12.76595744680851, 1.2345679012345678, 4.0358744394618835, 0.0, 6.862745098039216, 2.941176470588235, 2.941176470588235, 1.0309278350515463, 2.3255813953488373, 6.521739130434782, 6.122448979591836, 2.631578947368421, 0.0, 21.50537634408602, 43.859649122807014, 2.976190476190476, 3.614457831325301, 1.25, 1.3157894736842104, 5.172413793103448, 3.4482758620689653, 1.282051282051282, 0.0, 8.19672131147541, 21.27659574468085, 2.380952380952381, 5.911330049261084, 0.4716981132075472, 5.555555555555555, 6.153846153846154, 0.0, 2.4390243902439024, 12.698412698412698, 100.0, 0.0, 3.225806451612903, 10.909090909090908, 34.21052631578947, 0.0, 2.7777777777777777, 2.380952380952381, 4.081632653061225, 2.027027027027027, 18.75, 4.761904761904762, 6.25, 2.1739130434782608, 0.0, 20.833333333333336, 1.1976047904191618, 4.3478260869565215, 6.25, 2.803738317757009, 7.4074074074074066, 3.4482758620689653, 2.9940119760479043, 0.0, 1.7341040462427744, 10.396039603960396, 15.267175572519085, 2.7027027027027026, 4.651162790697675, 3.571428571428571, 10.0, 9.30232558139535, 0.0, 4.3478260869565215, 2.564102564102564, 6.25, 0.0, 7.4074074074074066, 17.94871794871795, 3.3333333333333335, 7.352941176470589, 4.3478260869565215, 0.0, 1.4925373134328357, 5.597014925373134, 5.555555555555555, 0.0, 7.5, 0.0, 3.896103896103896]
RMSE: 7.962894719113917
grid_scale: 0.45
resize_scale: 0.5
confiance: 0.4

random_seed: 1011
data_augmentation: True
samples: all
total_pred: 10770
total_real: 11073
