MAE: 4.084615384615384 [12, 7, 4, 5, 2, 1, 4, 1, 1, 3, 6, 2, 3, 1, 1, 4, 6, 4, 1, 0, 2, 1, 5, 1, 1, 0, 3, 0, 0, 4, 0, 1, 6, 0, 0, 0, 3, 5, 5, 8, 2, 2, 11, 12, 15, 0, 6, 9, 0, 3, 3, 12, 6, 0, 3, 4, 3, 1, 1, 0, 11, 34, 5, 4, 7, 1, 2, 0, 7, 4, 2, 6, 3, 12, 3, 6, 1, 2, 2, 3, 18, 1, 1, 7, 9, 3, 2, 4, 6, 2, 11, 1, 1, 1, 4, 15, 9, 4, 3, 2, 4, 2, 3, 2, 3, 14, 11, 1, 1, 0, 9, 1, 0, 2, 1, 2, 2, 8, 1, 2, 4, 1, 3, 1, 3, 2, 0, 20, 2, 1]
MAPE: 5.838926933212287 [18.75, 7.07070707070707, 4.166666666666666, 4.424778761061947, 1.6528925619834711, 1.0752688172043012, 4.395604395604396, 1.0752688172043012, 1.0416666666666665, 2.5, 4.878048780487805, 1.639344262295082, 2.3622047244094486, 0.8, 2.0408163265306123, 7.142857142857142, 10.344827586206897, 3.225806451612903, 1.3333333333333335, 0.0, 3.278688524590164, 2.5, 6.8493150684931505, 5.263157894736842, 3.4482758620689653, 0.0, 6.25, 0.0, 0.0, 12.5, 0.0, 1.5384615384615385, 8.695652173913043, 0.0, 0.0, 0.0, 11.538461538461538, 6.329113924050633, 19.230769230769234, 16.3265306122449, 2.564102564102564, 4.081632653061225, 9.322033898305085, 6.486486486486487, 15.789473684210526, 0.0, 6.315789473684211, 19.148936170212767, 0.0, 1.345291479820628, 3.0, 11.76470588235294, 5.88235294117647, 0.0, 3.0927835051546393, 9.30232558139535, 6.521739130434782, 2.0408163265306123, 1.3157894736842104, 0.0, 11.827956989247312, 29.82456140350877, 2.976190476190476, 4.819277108433735, 2.9166666666666665, 1.3157894736842104, 3.4482758620689653, 0.0, 2.9914529914529915, 8.51063829787234, 3.278688524590164, 12.76595744680851, 1.7857142857142856, 5.911330049261084, 1.4150943396226416, 8.333333333333332, 1.5384615384615385, 3.508771929824561, 4.878048780487805, 2.380952380952381, 100.0, 2.857142857142857, 3.225806451612903, 12.727272727272727, 23.684210526315788, 5.88235294117647, 5.555555555555555, 4.761904761904762, 6.122448979591836, 1.3513513513513513, 22.916666666666664, 1.1904761904761905, 2.083333333333333, 2.1739130434782608, 5.263157894736842, 15.625, 5.389221556886228, 8.695652173913043, 6.25, 1.8691588785046727, 7.4074074074074066, 3.4482758620689653, 1.7964071856287425, 1.4492753623188406, 1.7341040462427744, 6.9306930693069315, 8.396946564885496, 1.3513513513513513, 2.3255813953488373, 0.0, 8.181818181818182, 2.3255813953488373, 0.0, 8.695652173913043, 2.564102564102564, 4.166666666666666, 4.0, 9.876543209876543, 2.564102564102564, 6.666666666666667, 5.88235294117647, 2.1739130434782608, 2.5210084033613445, 0.7462686567164178, 1.1194029850746268, 3.7037037037037033, 0.0, 7.142857142857142, 6.896551724137931, 1.2987012987012987]
RMSE: 6.272651261321153
grid_scale: 0.45
resize_scale: 0.5
confiance: 0.45

random_seed: 1011
data_augmentation: True
samples: all
total_pred: 10956
total_real: 11073
