MAE: 5.553846153846154 [11, 1, 3, 2, 3, 8, 8, 5, 1, 4, 1, 8, 4, 4, 7, 2, 8, 3, 1, 3, 6, 5, 5, 4, 8, 6, 3, 2, 2, 0, 1, 0, 5, 1, 2, 5, 2, 12, 5, 11, 1, 7, 5, 7, 2, 1, 6, 0, 7, 11, 2, 12, 7, 2, 5, 3, 5, 3, 2, 6, 2, 0, 1, 8, 13, 1, 1, 3, 22, 4, 4, 6, 3, 18, 19, 6, 5, 2, 4, 10, 11, 1, 3, 5, 10, 1, 3, 3, 1, 10, 3, 1, 8, 5, 4, 1, 7, 3, 0, 1, 2, 0, 4, 18, 10, 8, 3, 5, 2, 13, 3, 5, 2, 2, 1, 10, 4, 13, 3, 1, 10, 1, 8, 1, 39, 6, 20, 47, 2, 0]
MAPE: 7.545639637529292 [17.1875, 1.0101010101010102, 3.125, 1.7699115044247788, 2.479338842975207, 8.60215053763441, 8.791208791208792, 5.376344086021505, 1.0416666666666665, 3.3333333333333335, 0.8130081300813009, 6.557377049180328, 3.149606299212598, 3.2, 14.285714285714285, 3.571428571428571, 13.793103448275861, 2.4193548387096775, 1.3333333333333335, 6.8181818181818175, 9.836065573770492, 12.5, 6.8493150684931505, 21.052631578947366, 27.586206896551722, 8.450704225352112, 6.25, 7.6923076923076925, 6.25, 0.0, 2.7027027027027026, 0.0, 7.246376811594203, 3.3333333333333335, 6.666666666666667, 12.195121951219512, 7.6923076923076925, 15.18987341772152, 19.230769230769234, 22.448979591836736, 1.282051282051282, 14.285714285714285, 4.23728813559322, 3.783783783783784, 2.1052631578947367, 1.7543859649122806, 6.315789473684211, 0.0, 8.641975308641975, 4.932735426008969, 2.0, 11.76470588235294, 6.862745098039216, 1.4705882352941175, 5.154639175257731, 6.976744186046512, 10.869565217391305, 6.122448979591836, 2.631578947368421, 23.076923076923077, 2.1505376344086025, 0.0, 0.5952380952380952, 9.63855421686747, 5.416666666666667, 1.3157894736842104, 1.7241379310344827, 5.172413793103448, 9.401709401709402, 8.51063829787234, 6.557377049180328, 12.76595744680851, 1.7857142857142856, 8.866995073891626, 8.962264150943396, 8.333333333333332, 7.6923076923076925, 3.508771929824561, 9.75609756097561, 7.936507936507936, 61.111111111111114, 2.857142857142857, 9.67741935483871, 9.090909090909092, 26.31578947368421, 1.9607843137254901, 8.333333333333332, 3.571428571428571, 1.0204081632653061, 6.756756756756757, 6.25, 1.1904761904761905, 16.666666666666664, 10.869565217391305, 5.263157894736842, 1.0416666666666665, 4.191616766467066, 6.521739130434782, 0.0, 0.9345794392523363, 3.7037037037037033, 0.0, 2.3952095808383236, 13.043478260869565, 5.780346820809249, 3.9603960396039604, 2.2900763358778624, 6.756756756756757, 4.651162790697675, 23.214285714285715, 2.727272727272727, 11.627906976744185, 12.5, 8.695652173913043, 2.564102564102564, 20.833333333333336, 8.0, 16.049382716049383, 7.6923076923076925, 3.3333333333333335, 14.705882352941178, 2.1739130434782608, 6.722689075630252, 0.7462686567164178, 14.55223880597015, 11.11111111111111, 7.604562737642586, 16.785714285714285, 6.896551724137931, 0.0]
RMSE: 8.492530654821149
grid_scale: 0.45
resize_scale: 0.5
confiance: 0.3

random_seed: 1011
data_augmentation: True
samples: all
total_pred: 11659
total_real: 11073
