MAE: 6.507692307692308 [15, 5, 7, 11, 8, 2, 9, 7, 2, 4, 1, 1, 1, 5, 4, 7, 9, 6, 7, 2, 7, 6, 7, 6, 9, 6, 6, 2, 6, 2, 1, 4, 6, 4, 1, 3, 1, 10, 1, 4, 2, 2, 7, 1, 4, 6, 7, 4, 10, 17, 2, 18, 4, 5, 4, 2, 0, 8, 4, 6, 4, 13, 9, 5, 19, 3, 3, 3, 35, 3, 7, 2, 10, 5, 27, 7, 6, 0, 1, 8, 18, 1, 3, 5, 8, 5, 1, 5, 9, 12, 3, 2, 4, 6, 3, 4, 9, 1, 1, 6, 4, 2, 6, 6, 7, 17, 1, 8, 1, 2, 2, 4, 0, 0, 4, 4, 0, 10, 0, 0, 8, 3, 8, 11, 38, 3, 20, 79, 0, 4]
MAPE: 8.131372520872695 [23.4375, 5.05050505050505, 7.291666666666667, 9.734513274336283, 6.6115702479338845, 2.1505376344086025, 9.89010989010989, 7.526881720430108, 2.083333333333333, 3.3333333333333335, 0.8130081300813009, 0.819672131147541, 0.7874015748031495, 4.0, 8.16326530612245, 12.5, 15.517241379310345, 4.838709677419355, 9.333333333333334, 4.545454545454546, 11.475409836065573, 15.0, 9.58904109589041, 31.57894736842105, 31.03448275862069, 8.450704225352112, 12.5, 7.6923076923076925, 18.75, 6.25, 2.7027027027027026, 6.153846153846154, 8.695652173913043, 13.333333333333334, 3.3333333333333335, 7.317073170731707, 3.8461538461538463, 12.658227848101266, 3.8461538461538463, 8.16326530612245, 2.564102564102564, 4.081632653061225, 5.932203389830509, 0.5405405405405406, 4.2105263157894735, 10.526315789473683, 7.368421052631578, 8.51063829787234, 12.345679012345679, 7.623318385650224, 2.0, 17.647058823529413, 3.9215686274509802, 3.6764705882352944, 4.123711340206185, 4.651162790697675, 0.0, 16.3265306122449, 5.263157894736842, 23.076923076923077, 4.301075268817205, 11.403508771929824, 5.357142857142857, 6.024096385542169, 7.916666666666666, 3.9473684210526314, 5.172413793103448, 5.172413793103448, 14.957264957264957, 6.382978723404255, 11.475409836065573, 4.25531914893617, 5.952380952380952, 2.4630541871921183, 12.735849056603774, 9.722222222222223, 9.230769230769232, 0.0, 2.4390243902439024, 6.349206349206349, 100.0, 2.857142857142857, 9.67741935483871, 9.090909090909092, 21.052631578947366, 9.803921568627452, 2.7777777777777777, 5.952380952380952, 9.183673469387756, 8.108108108108109, 6.25, 2.380952380952381, 8.333333333333332, 13.043478260869565, 3.9473684210526314, 4.166666666666666, 5.389221556886228, 2.1739130434782608, 2.083333333333333, 5.607476635514018, 7.4074074074074066, 3.4482758620689653, 3.592814371257485, 4.3478260869565215, 4.046242774566474, 8.415841584158416, 0.7633587786259541, 10.81081081081081, 2.3255813953488373, 3.571428571428571, 1.8181818181818181, 9.30232558139535, 0.0, 0.0, 10.256410256410255, 8.333333333333332, 0.0, 12.345679012345679, 0.0, 0.0, 11.76470588235294, 6.521739130434782, 6.722689075630252, 8.208955223880597, 14.17910447761194, 5.555555555555555, 7.604562737642586, 28.214285714285715, 0.0, 5.194805194805195]
RMSE: 10.89530597586375
grid_scale: 0.45
resize_scale: 0.5
confiance: 0.3

random_seed: 1011
data_augmentation: True
samples: all
total_pred: 11723
total_real: 11073
