MAE: 5.038461538461538 [3, 2, 4, 1, 8, 11, 8, 3, 2, 2, 5, 1, 1, 3, 8, 2, 21, 3, 11, 3, 4, 4, 10, 6, 0, 5]
MAPE: 7.247791509250713 [6.521739130434782, 0.8333333333333334, 4.301075268817205, 0.7352941176470588, 10.95890410958904, 28.947368421052634, 17.391304347826086, 2.941176470588235, 3.7037037037037033, 2.380952380952381, 3.731343283582089, 3.4482758620689653, 3.3333333333333335, 5.555555555555555, 14.285714285714285, 7.6923076923076925, 7.835820895522389, 3.79746835443038, 6.358381502890173, 5.172413793103448, 4.166666666666666, 4.938271604938271, 7.936507936507936, 12.244897959183673, 0.0, 19.230769230769234]
RMSE: 6.716798688019808 [9, 4, 16, 1, 64, 121, 64, 9, 4, 4, 25, 1, 1, 9, 64, 4, 441, 9, 121, 9, 16, 16, 100, 36, 0, 25]

pred: 2289 [49, 238, 97, 137, 81, 27, 54, 105, 52, 82, 139, 28, 31, 57, 64, 28, 247, 82, 162, 55, 92, 85, 116, 55, 95, 31]
real: 2292 [46, 240, 93, 136, 73, 38, 46, 102, 54, 84, 134, 29, 30, 54, 56, 26, 268, 79, 173, 58, 96, 81, 126, 49, 95, 26]

grid_scale: 0.4
resize_scale: 0.5
confiance: 0.6

random_seed: 1011
data_augmentation: True
samples: 26
