MAE: 5.384615384615385 [2, 2, 7, 2, 7, 13, 3, 6, 6, 2, 6, 1, 1, 2, 5, 4, 24, 8, 7, 3, 1, 6, 14, 4, 3, 1]
MAPE: 7.160708684808137 [4.3478260869565215, 0.8333333333333334, 7.526881720430108, 1.4705882352941175, 9.58904109589041, 34.21052631578947, 6.521739130434782, 5.88235294117647, 11.11111111111111, 2.380952380952381, 4.477611940298507, 3.4482758620689653, 3.3333333333333335, 3.7037037037037033, 8.928571428571429, 15.384615384615385, 8.955223880597014, 10.126582278481013, 4.046242774566474, 5.172413793103448, 1.0416666666666665, 7.4074074074074066, 11.11111111111111, 8.16326530612245, 3.1578947368421053, 3.8461538461538463]
RMSE: 7.3484692283495345 [4, 4, 49, 4, 49, 169, 9, 36, 36, 4, 36, 1, 1, 4, 25, 16, 576, 64, 49, 9, 1, 36, 196, 16, 9, 1]

pred: 2282 [48, 238, 100, 134, 80, 25, 49, 108, 48, 86, 140, 30, 31, 56, 61, 30, 244, 87, 166, 55, 95, 87, 112, 53, 92, 27]
real: 2292 [46, 240, 93, 136, 73, 38, 46, 102, 54, 84, 134, 29, 30, 54, 56, 26, 268, 79, 173, 58, 96, 81, 126, 49, 95, 26]

grid_scale: 0.5
resize_scale: 0.5
confiance: 0.5

random_seed: 1011
data_augmentation: True
samples: 26
