MAE: 5.076923076923077 [0, 10, 3, 4, 3, 15, 1, 1, 2, 4, 1, 3, 1, 2, 3, 2, 23, 0, 16, 2, 7, 0, 19, 1, 8, 1]
MAPE: 5.94893827745185 [0.0, 4.166666666666666, 3.225806451612903, 2.941176470588235, 4.10958904109589, 39.473684210526315, 2.1739130434782608, 0.9803921568627451, 3.7037037037037033, 4.761904761904762, 0.7462686567164178, 10.344827586206897, 3.3333333333333335, 3.7037037037037033, 5.357142857142857, 7.6923076923076925, 8.582089552238806, 0.0, 9.248554913294797, 3.4482758620689653, 7.291666666666667, 0.0, 15.079365079365079, 2.0408163265306123, 8.421052631578947, 3.8461538461538463]
RMSE: 8.024002454175559 [0, 100, 9, 16, 9, 225, 1, 1, 4, 16, 1, 9, 1, 4, 9, 4, 529, 0, 256, 4, 49, 0, 361, 1, 64, 1]

pred: 2192 [46, 230, 90, 132, 76, 23, 47, 103, 52, 80, 135, 26, 31, 56, 59, 28, 245, 79, 157, 56, 89, 81, 107, 50, 87, 27]
real: 2292 [46, 240, 93, 136, 73, 38, 46, 102, 54, 84, 134, 29, 30, 54, 56, 26, 268, 79, 173, 58, 96, 81, 126, 49, 95, 26]

grid_scale: 0.3
resize_scale: 0.5
confiance: 0.7

random_seed: 1011
data_augmentation: True
samples: 26
