MAE: 5.538461538461538 [8, 1, 6, 3, 13, 11, 11, 12, 1, 7, 10, 0, 3, 6, 13, 2, 7, 11, 2, 1, 0, 7, 1, 5, 2, 1]
MAPE: 8.598911633310456 [17.391304347826086, 0.4166666666666667, 6.451612903225806, 2.2058823529411766, 17.80821917808219, 28.947368421052634, 23.91304347826087, 11.76470588235294, 1.8518518518518516, 8.333333333333332, 7.462686567164178, 0.0, 10.0, 11.11111111111111, 23.214285714285715, 7.6923076923076925, 2.6119402985074625, 13.924050632911392, 1.1560693641618496, 1.7241379310344827, 0.0, 8.641975308641975, 0.7936507936507936, 10.204081632653061, 2.1052631578947367, 3.8461538461538463]
RMSE: 7.038356451506385 [64, 1, 36, 9, 169, 121, 121, 144, 1, 49, 100, 0, 9, 36, 169, 4, 49, 121, 4, 1, 0, 49, 1, 25, 4, 1]

pred: 2386 [54, 239, 99, 139, 86, 27, 57, 114, 53, 91, 144, 29, 33, 60, 69, 28, 261, 90, 171, 59, 96, 88, 125, 54, 93, 27]
real: 2292 [46, 240, 93, 136, 73, 38, 46, 102, 54, 84, 134, 29, 30, 54, 56, 26, 268, 79, 173, 58, 96, 81, 126, 49, 95, 26]

grid_scale: 0.4
resize_scale: 0.5
confiance: 0.5

random_seed: 1011
data_augmentation: True
samples: 26
