MAE: 9.307692307692308 [3, 23, 9, 5, 1, 13, 0, 4, 5, 6, 6, 3, 3, 1, 2, 1, 62, 2, 30, 4, 10, 0, 37, 0, 12, 0]
MAPE: 8.529684679051792 [6.521739130434782, 9.583333333333334, 9.67741935483871, 3.6764705882352944, 1.36986301369863, 34.21052631578947, 0.0, 3.9215686274509802, 9.25925925925926, 7.142857142857142, 4.477611940298507, 10.344827586206897, 10.0, 1.8518518518518516, 3.571428571428571, 3.8461538461538463, 23.134328358208954, 2.5316455696202533, 17.341040462427745, 6.896551724137931, 10.416666666666668, 0.0, 29.365079365079367, 0.0, 12.631578947368421, 0.0]
RMSE: 16.78827429625076 [9, 529, 81, 25, 1, 169, 0, 16, 25, 36, 36, 9, 9, 1, 4, 1, 3844, 4, 900, 16, 100, 0, 1369, 0, 144, 0]

pred: 2068 [43, 217, 84, 131, 74, 25, 46, 98, 49, 78, 128, 26, 33, 53, 58, 27, 206, 81, 143, 54, 86, 81, 89, 49, 83, 26]
real: 2292 [46, 240, 93, 136, 73, 38, 46, 102, 54, 84, 134, 29, 30, 54, 56, 26, 268, 79, 173, 58, 96, 81, 126, 49, 95, 26]

grid_scale: 0.4
resize_scale: 0.5
confiance: 0.7

random_seed: 1011
data_augmentation: True
samples: 26
