MAE: 16.73076923076923 [1, 15, 63, 24, 7, 3, 120, 49, 5, 1, 6, 44, 3, 4, 1, 1, 1, 10, 32, 3, 7, 18, 1, 1, 12, 3]
MAPE: 15.5293630753226 [2.272727272727273, 13.274336283185843, 31.03448275862069, 25.0, 14.583333333333334, 4.0, 44.776119402985074, 20.416666666666668, 10.0, 1.36986301369863, 11.11111111111111, 33.587786259541986, 7.6923076923076925, 8.695652173913043, 3.4482758620689653, 3.4482758620689653, 2.3255813953488373, 8.0, 21.62162162162162, 6.521739130434782, 7.291666666666667, 100.0, 2.3255813953488373, 2.083333333333333, 12.5, 6.382978723404255]
RMSE: 31.20465941539451 [1, 225, 3969, 576, 49, 9, 14400, 2401, 25, 1, 36, 1936, 9, 16, 1, 1, 1, 100, 1024, 9, 49, 324, 1, 1, 144, 9]

pred: 1821 [45, 98, 140, 72, 41, 72, 148, 191, 45, 74, 48, 87, 36, 42, 28, 30, 42, 115, 116, 43, 89, 0, 44, 47, 84, 44]
real: 2248 [44, 113, 203, 96, 48, 75, 268, 240, 50, 73, 54, 131, 39, 46, 29, 29, 43, 125, 148, 46, 96, 18, 43, 48, 96, 47]

grid_scale: 0.5
resize_scale: 0.5
confiance: 0.7

random_seed: 1011
data_augmentation: True
samples: 26
