MAE: 4.230769230769231 [0, 14, 2, 4, 7, 13, 4, 5, 3, 2, 2, 1, 0, 1, 2, 3, 3, 6, 12, 2, 8, 1, 7, 3, 5, 0]
MAPE: 5.5295917802852355 [0.0, 5.833333333333333, 2.1505376344086025, 2.941176470588235, 9.58904109589041, 34.21052631578947, 8.695652173913043, 4.901960784313726, 5.555555555555555, 2.380952380952381, 1.4925373134328357, 3.4482758620689653, 0.0, 1.8518518518518516, 3.571428571428571, 11.538461538461538, 1.1194029850746268, 7.59493670886076, 6.9364161849710975, 3.4482758620689653, 8.333333333333332, 1.2345679012345678, 5.555555555555555, 6.122448979591836, 5.263157894736842, 0.0]
RMSE: 5.710988059467872 [0, 196, 4, 16, 49, 169, 16, 25, 9, 4, 4, 1, 0, 1, 4, 9, 9, 36, 144, 4, 64, 1, 49, 9, 25, 0]

pred: 2258 [46, 226, 95, 132, 80, 25, 50, 107, 57, 86, 132, 28, 30, 55, 58, 29, 265, 85, 161, 60, 88, 82, 119, 46, 90, 26]
real: 2292 [46, 240, 93, 136, 73, 38, 46, 102, 54, 84, 134, 29, 30, 54, 56, 26, 268, 79, 173, 58, 96, 81, 126, 49, 95, 26]

grid_scale: 0.2
resize_scale: 0.5
confiance: 0.7

random_seed: 1011
data_augmentation: True
samples: 26
