MAE: 33.69230769230769 [19, 93, 41, 52, 10, 23, 16, 32, 13, 31, 41, 11, 7, 20, 8, 6, 119, 30, 64, 19, 47, 27, 68, 19, 51, 9]
MAPE: 36.36389212127976 [41.30434782608695, 38.75, 44.086021505376344, 38.23529411764706, 13.698630136986301, 60.526315789473685, 34.78260869565217, 31.372549019607842, 24.074074074074073, 36.904761904761905, 30.597014925373134, 37.93103448275862, 23.333333333333332, 37.03703703703704, 14.285714285714285, 23.076923076923077, 44.40298507462687, 37.9746835443038, 36.99421965317919, 32.758620689655174, 48.95833333333333, 33.33333333333333, 53.96825396825397, 38.775510204081634, 53.68421052631579, 34.61538461538461]
RMSE: 43.37138368875177 [361, 8649, 1681, 2704, 100, 529, 256, 1024, 169, 961, 1681, 121, 49, 400, 64, 36, 14161, 900, 4096, 361, 2209, 729, 4624, 361, 2601, 81]

pred: 1416 [27, 147, 52, 84, 63, 15, 30, 70, 41, 53, 93, 18, 23, 34, 48, 20, 149, 49, 109, 39, 49, 54, 58, 30, 44, 17]
real: 2292 [46, 240, 93, 136, 73, 38, 46, 102, 54, 84, 134, 29, 30, 54, 56, 26, 268, 79, 173, 58, 96, 81, 126, 49, 95, 26]

grid_scale: 0.2
resize_scale: 0.5
confiance: 0.8

random_seed: 1011
data_augmentation: True
samples: 26
