MAE: 66.46153846153847 [36, 192, 87, 91, 33, 27, 24, 73, 33, 60, 91, 23, 17, 34, 29, 20, 238, 57, 139, 40, 88, 55, 118, 24, 86, 13]
MAPE: 70.76212993484027 [78.26086956521739, 80.0, 93.54838709677419, 66.91176470588235, 45.20547945205479, 71.05263157894737, 52.17391304347826, 71.56862745098039, 61.111111111111114, 71.42857142857143, 67.91044776119402, 79.3103448275862, 56.666666666666664, 62.96296296296296, 51.78571428571429, 76.92307692307693, 88.80597014925374, 72.15189873417721, 80.34682080924856, 68.96551724137932, 91.66666666666666, 67.90123456790124, 93.65079365079364, 48.97959183673469, 90.52631578947368, 50.0]
RMSE: 85.8366068581644 [1296, 36864, 7569, 8281, 1089, 729, 576, 5329, 1089, 3600, 8281, 529, 289, 1156, 841, 400, 56644, 3249, 19321, 1600, 7744, 3025, 13924, 576, 7396, 169]

pred: 564 [10, 48, 6, 45, 40, 11, 22, 29, 21, 24, 43, 6, 13, 20, 27, 6, 30, 22, 34, 18, 8, 26, 8, 25, 9, 13]
real: 2292 [46, 240, 93, 136, 73, 38, 46, 102, 54, 84, 134, 29, 30, 54, 56, 26, 268, 79, 173, 58, 96, 81, 126, 49, 95, 26]

grid_scale: 0.5
resize_scale: 0.5
confiance: 0.8

random_seed: 1011
data_augmentation: True
samples: 26
