MAE: 7.8076923076923075 [9, 23, 10, 5, 9, 11, 6, 13, 2, 8, 7, 1, 5, 2, 7, 3, 19, 14, 10, 2, 5, 9, 6, 9, 6, 2]
MAPE: 10.171054236342814 [19.565217391304348, 9.583333333333334, 10.75268817204301, 3.6764705882352944, 12.32876712328767, 28.947368421052634, 13.043478260869565, 12.745098039215685, 3.7037037037037033, 9.523809523809524, 5.223880597014925, 3.4482758620689653, 16.666666666666664, 3.7037037037037033, 12.5, 11.538461538461538, 7.08955223880597, 17.72151898734177, 5.780346820809249, 3.4482758620689653, 5.208333333333334, 11.11111111111111, 4.761904761904762, 18.367346938775512, 6.315789473684211, 7.6923076923076925]
RMSE: 9.34591642623418 [81, 529, 100, 25, 81, 121, 36, 169, 4, 64, 49, 1, 25, 4, 49, 9, 361, 196, 100, 4, 25, 81, 36, 81, 36, 4]

pred: 2473 [55, 263, 103, 141, 82, 27, 52, 115, 56, 92, 141, 30, 35, 56, 63, 29, 287, 93, 183, 60, 101, 90, 132, 58, 101, 28]
real: 2292 [46, 240, 93, 136, 73, 38, 46, 102, 54, 84, 134, 29, 30, 54, 56, 26, 268, 79, 173, 58, 96, 81, 126, 49, 95, 26]

grid_scale: 0.3
resize_scale: 0.5
confiance: 0.5

random_seed: 1011
data_augmentation: True
samples: 26
