MAE: 13.884615384615385 [11, 24, 18, 23, 14, 8, 13, 24, 1, 14, 21, 8, 4, 10, 16, 8, 34, 28, 9, 5, 8, 13, 23, 8, 15, 1]
MAPE: 17.52772960660854 [23.91304347826087, 10.0, 19.35483870967742, 16.911764705882355, 19.17808219178082, 21.052631578947366, 28.26086956521739, 23.52941176470588, 1.8518518518518516, 16.666666666666664, 15.671641791044777, 27.586206896551722, 13.333333333333334, 18.51851851851852, 28.57142857142857, 30.76923076923077, 12.686567164179104, 35.44303797468354, 5.202312138728324, 8.620689655172415, 8.333333333333332, 16.049382716049383, 18.253968253968253, 16.3265306122449, 15.789473684210526, 3.8461538461538463]
RMSE: 16.161445099133545 [121, 576, 324, 529, 196, 64, 169, 576, 1, 196, 441, 64, 16, 100, 256, 64, 1156, 784, 81, 25, 64, 169, 529, 64, 225, 1]

pred: 2637 [57, 264, 111, 159, 87, 30, 59, 126, 55, 98, 155, 37, 34, 64, 72, 34, 302, 107, 182, 63, 104, 94, 149, 57, 110, 27]
real: 2292 [46, 240, 93, 136, 73, 38, 46, 102, 54, 84, 134, 29, 30, 54, 56, 26, 268, 79, 173, 58, 96, 81, 126, 49, 95, 26]

grid_scale: 0.2
resize_scale: 0.5
confiance: 0.5

random_seed: 1011
data_augmentation: True
samples: 26
