MAE: 6.538461538461538 [0, 17, 1, 1, 6, 14, 1, 0, 6, 2, 0, 3, 1, 3, 2, 1, 44, 0, 16, 5, 6, 6, 24, 2, 9, 0]
MAPE: 6.800767437561412 [0.0, 7.083333333333333, 1.0752688172043012, 0.7352941176470588, 8.21917808219178, 36.84210526315789, 2.1739130434782608, 0.0, 11.11111111111111, 2.380952380952381, 0.0, 10.344827586206897, 3.3333333333333335, 5.555555555555555, 3.571428571428571, 3.8461538461538463, 16.417910447761194, 0.0, 9.248554913294797, 8.620689655172415, 6.25, 7.4074074074074066, 19.047619047619047, 4.081632653061225, 9.473684210526317, 0.0]
RMSE: 11.665201373183537 [0, 289, 1, 1, 36, 196, 1, 0, 36, 4, 0, 9, 1, 9, 4, 1, 1936, 0, 256, 25, 36, 36, 576, 4, 81, 0]

pred: 2172 [46, 223, 92, 135, 79, 24, 47, 102, 48, 82, 134, 32, 31, 57, 58, 27, 224, 79, 157, 53, 90, 87, 102, 51, 86, 26]
real: 2292 [46, 240, 93, 136, 73, 38, 46, 102, 54, 84, 134, 29, 30, 54, 56, 26, 268, 79, 173, 58, 96, 81, 126, 49, 95, 26]

grid_scale: 0.5
resize_scale: 0.5
confiance: 0.6

random_seed: 1011
data_augmentation: True
samples: 26
