MAE: 4.846153846153846 [4, 9, 11, 3, 11, 12, 3, 9, 0, 2, 5, 3, 1, 3, 9, 4, 1, 5, 1, 1, 1, 11, 8, 5, 4, 0]
MAPE: 7.294784823711587 [8.695652173913043, 3.75, 11.827956989247312, 2.2058823529411766, 15.068493150684931, 31.57894736842105, 6.521739130434782, 8.823529411764707, 0.0, 2.380952380952381, 3.731343283582089, 10.344827586206897, 3.3333333333333335, 5.555555555555555, 16.071428571428573, 15.384615384615385, 0.3731343283582089, 6.329113924050633, 0.5780346820809248, 1.7241379310344827, 1.0416666666666665, 13.580246913580247, 6.349206349206349, 10.204081632653061, 4.2105263157894735, 0.0]
RMSE: 6.145667642268883 [16, 81, 121, 9, 121, 144, 9, 81, 0, 4, 25, 9, 1, 9, 81, 16, 1, 25, 1, 1, 1, 121, 64, 25, 16, 0]

pred: 2368 [50, 249, 104, 139, 84, 26, 49, 111, 54, 86, 139, 32, 31, 57, 65, 30, 269, 84, 172, 59, 97, 92, 118, 54, 91, 26]
real: 2292 [46, 240, 93, 136, 73, 38, 46, 102, 54, 84, 134, 29, 30, 54, 56, 26, 268, 79, 173, 58, 96, 81, 126, 49, 95, 26]

grid_scale: 0.3
resize_scale: 0.5
confiance: 0.6

random_seed: 1011
data_augmentation: True
samples: 26
