MAE: 41.53846153846154 [17, 113, 53, 58, 18, 27, 8, 37, 16, 36, 45, 22, 7, 18, 12, 11, 160, 40, 86, 17, 59, 33, 84, 22, 69, 12]
MAPE: 44.511186885940134 [36.95652173913043, 47.083333333333336, 56.98924731182796, 42.64705882352941, 24.65753424657534, 71.05263157894737, 17.391304347826086, 36.27450980392157, 29.629629629629626, 42.857142857142854, 33.582089552238806, 75.86206896551724, 23.333333333333332, 33.33333333333333, 21.428571428571427, 42.30769230769231, 59.70149253731343, 50.63291139240506, 49.71098265895954, 29.310344827586203, 61.458333333333336, 40.74074074074074, 66.66666666666666, 44.89795918367347, 72.63157894736842, 46.15384615384615]
RMSE: 54.883092534530576 [289, 12769, 2809, 3364, 324, 729, 64, 1369, 256, 1296, 2025, 484, 49, 324, 144, 121, 25600, 1600, 7396, 289, 3481, 1089, 7056, 484, 4761, 144]

pred: 1212 [29, 127, 40, 78, 55, 11, 38, 65, 38, 48, 89, 7, 23, 36, 44, 15, 108, 39, 87, 41, 37, 48, 42, 27, 26, 14]
real: 2292 [46, 240, 93, 136, 73, 38, 46, 102, 54, 84, 134, 29, 30, 54, 56, 26, 268, 79, 173, 58, 96, 81, 126, 49, 95, 26]

grid_scale: 0.3
resize_scale: 0.5
confiance: 0.8

random_seed: 1011
data_augmentation: True
samples: 26
