MAE: 7.653846153846154 [7, 19, 9, 19, 14, 9, 3, 10, 1, 4, 5, 0, 2, 9, 6, 5, 20, 12, 2, 3, 4, 9, 12, 7, 2, 6]
MAPE: 10.109386081473215 [15.217391304347828, 7.916666666666666, 9.67741935483871, 13.970588235294118, 19.17808219178082, 23.684210526315788, 6.521739130434782, 9.803921568627452, 1.8518518518518516, 4.761904761904762, 3.731343283582089, 0.0, 6.666666666666667, 16.666666666666664, 10.714285714285714, 19.230769230769234, 7.462686567164178, 15.18987341772152, 1.1560693641618496, 5.172413793103448, 4.166666666666666, 11.11111111111111, 9.523809523809524, 14.285714285714285, 2.1052631578947367, 23.076923076923077]
RMSE: 9.431942454316527 [49, 361, 81, 361, 196, 81, 9, 100, 1, 16, 25, 0, 4, 81, 36, 25, 400, 144, 4, 9, 16, 81, 144, 49, 4, 36]

pred: 2471 [53, 259, 102, 155, 87, 29, 49, 112, 53, 88, 139, 29, 32, 63, 62, 31, 288, 91, 175, 61, 100, 90, 138, 56, 97, 32]
real: 2292 [46, 240, 93, 136, 73, 38, 46, 102, 54, 84, 134, 29, 30, 54, 56, 26, 268, 79, 173, 58, 96, 81, 126, 49, 95, 26]

grid_scale: 0.2
resize_scale: 0.5
confiance: 0.6

random_seed: 1011
data_augmentation: True
samples: 26
