MAE: 53.03846153846154 [28, 146, 71, 61, 20, 28, 15, 52, 25, 48, 62, 20, 9, 29, 20, 13, 218, 44, 107, 34, 82, 45, 100, 19, 73, 10]
MAPE: 55.67646705540815 [60.86956521739131, 60.83333333333333, 76.34408602150538, 44.85294117647059, 27.397260273972602, 73.68421052631578, 32.608695652173914, 50.98039215686274, 46.2962962962963, 57.14285714285714, 46.26865671641791, 68.96551724137932, 30.0, 53.70370370370371, 35.714285714285715, 50.0, 81.34328358208955, 55.69620253164557, 61.849710982658955, 58.620689655172406, 85.41666666666666, 55.55555555555556, 79.36507936507937, 38.775510204081634, 76.84210526315789, 38.46153846153847]
RMSE: 70.77673455201331 [784, 21316, 5041, 3721, 400, 784, 225, 2704, 625, 2304, 3844, 400, 81, 841, 400, 169, 47524, 1936, 11449, 1156, 6724, 2025, 10000, 361, 5329, 100]

pred: 913 [18, 94, 22, 75, 53, 10, 31, 50, 29, 36, 72, 9, 21, 25, 36, 13, 50, 35, 66, 24, 14, 36, 26, 30, 22, 16]
real: 2292 [46, 240, 93, 136, 73, 38, 46, 102, 54, 84, 134, 29, 30, 54, 56, 26, 268, 79, 173, 58, 96, 81, 126, 49, 95, 26]

grid_scale: 0.4
resize_scale: 0.5
confiance: 0.8

random_seed: 1011
data_augmentation: True
samples: 26
