MAE: 9.807692307692308 [1, 21, 7, 9, 4, 13, 3, 4, 6, 0, 5, 2, 0, 1, 2, 1, 65, 4, 36, 7, 13, 3, 36, 0, 10, 2]
MAPE: 8.940031819912543 [2.1739130434782608, 8.75, 7.526881720430108, 6.61764705882353, 5.47945205479452, 34.21052631578947, 6.521739130434782, 3.9215686274509802, 11.11111111111111, 0.0, 3.731343283582089, 6.896551724137931, 0.0, 1.8518518518518516, 3.571428571428571, 3.8461538461538463, 24.253731343283583, 5.063291139240507, 20.809248554913296, 12.068965517241379, 13.541666666666666, 3.7037037037037033, 28.57142857142857, 0.0, 10.526315789473683, 7.6923076923076925]
RMSE: 17.559787978394098 [1, 441, 49, 81, 16, 169, 9, 16, 36, 0, 25, 4, 0, 1, 4, 1, 4225, 16, 1296, 49, 169, 9, 1296, 0, 100, 4]

pred: 2061 [45, 219, 86, 127, 77, 25, 49, 98, 48, 84, 129, 27, 30, 53, 58, 27, 203, 75, 137, 51, 83, 78, 90, 49, 85, 28]
real: 2292 [46, 240, 93, 136, 73, 38, 46, 102, 54, 84, 134, 29, 30, 54, 56, 26, 268, 79, 173, 58, 96, 81, 126, 49, 95, 26]

grid_scale: 0.4
resize_scale: 0.5
confiance: 0.7

random_seed: 1011
data_augmentation: True
samples: 26
