MAE: 4.346153846153846 [7, 1, 4, 1, 7, 9, 6, 6, 3, 2, 5, 2, 4, 7, 6, 3, 1, 8, 2, 4, 1, 6, 5, 8, 1, 4]
MAPE: 7.835246153395277 [15.217391304347828, 0.4166666666666667, 4.301075268817205, 0.7352941176470588, 9.58904109589041, 23.684210526315788, 13.043478260869565, 5.88235294117647, 5.555555555555555, 2.380952380952381, 3.731343283582089, 6.896551724137931, 13.333333333333334, 12.962962962962962, 10.714285714285714, 11.538461538461538, 0.3731343283582089, 10.126582278481013, 1.1560693641618496, 6.896551724137931, 1.0416666666666665, 7.4074074074074066, 3.968253968253968, 16.3265306122449, 1.0526315789473684, 15.384615384615385]
RMSE: 4.996152365724894 [49, 1, 16, 1, 49, 81, 36, 36, 9, 4, 25, 4, 16, 49, 36, 9, 1, 64, 4, 16, 1, 36, 25, 64, 1, 16]

pred: 2363 [53, 241, 97, 137, 80, 29, 52, 108, 51, 86, 139, 31, 34, 61, 62, 29, 269, 87, 171, 62, 95, 87, 121, 57, 94, 30]
real: 2292 [46, 240, 93, 136, 73, 38, 46, 102, 54, 84, 134, 29, 30, 54, 56, 26, 268, 79, 173, 58, 96, 81, 126, 49, 95, 26]

grid_scale: 0.3
resize_scale: 0.5
confiance: 0.6

random_seed: 1011
data_augmentation: True
samples: 26
