MAE: 3.4384615384615387
MAPE: 4.290391671649176
RMSE: 5.255766064340851
grid_scale: 0.5
resize_scale: 0.5
confiance: 0.55

random_seed: 1011
data_augmentation: False
samples: all
total_pred: 10994
total_real: 11073
