MAE: 6.2153846153846155 [6, 10, 4, 2, 6, 1, 3, 7, 5, 6, 6, 12, 11, 8, 0, 1, 5, 12, 3, 1, 0, 1, 4, 2, 2, 1, 1, 1, 1, 5, 1, 8, 3, 0, 0, 4, 4, 1, 4, 3, 5, 1, 31, 25, 15, 2, 2, 12, 6, 19, 5, 1, 7, 4, 2, 1, 0, 2, 1, 1, 14, 43, 8, 3, 7, 2, 10, 0, 2, 1, 3, 13, 6, 17, 3, 2, 4, 3, 13, 19, 18, 1, 2, 5, 13, 3, 2, 0, 4, 3, 12, 7, 0, 2, 3, 20, 2, 6, 5, 1, 6, 2, 13, 10, 15, 18, 27, 2, 2, 5, 19, 1, 2, 1, 0, 0, 3, 6, 12, 8, 2, 4, 6, 4, 20, 2, 4, 21, 5, 9]
MAPE: 8.308262656052989 [9.375, 10.1010101010101, 4.166666666666666, 1.7699115044247788, 4.958677685950414, 1.0752688172043012, 3.296703296703297, 7.526881720430108, 5.208333333333334, 5.0, 4.878048780487805, 9.836065573770492, 8.661417322834646, 6.4, 0.0, 1.7857142857142856, 8.620689655172415, 9.67741935483871, 4.0, 2.272727272727273, 0.0, 2.5, 5.47945205479452, 10.526315789473683, 6.896551724137931, 1.4084507042253522, 2.083333333333333, 3.8461538461538463, 3.125, 15.625, 2.7027027027027026, 12.307692307692308, 4.3478260869565215, 0.0, 0.0, 9.75609756097561, 15.384615384615385, 1.2658227848101267, 15.384615384615385, 6.122448979591836, 6.41025641025641, 2.0408163265306123, 26.27118644067797, 13.513513513513514, 15.789473684210526, 3.508771929824561, 2.1052631578947367, 25.53191489361702, 7.4074074074074066, 8.520179372197308, 5.0, 0.9803921568627451, 6.862745098039216, 2.941176470588235, 2.0618556701030926, 2.3255813953488373, 0.0, 4.081632653061225, 1.3157894736842104, 3.8461538461538463, 15.053763440860216, 37.719298245614034, 4.761904761904762, 3.614457831325301, 2.9166666666666665, 2.631578947368421, 17.24137931034483, 0.0, 0.8547008547008548, 2.127659574468085, 4.918032786885246, 27.659574468085108, 3.571428571428571, 8.374384236453201, 1.4150943396226416, 2.7777777777777777, 6.153846153846154, 5.263157894736842, 31.70731707317073, 15.079365079365079, 100.0, 2.857142857142857, 6.451612903225806, 9.090909090909092, 34.21052631578947, 5.88235294117647, 5.555555555555555, 0.0, 4.081632653061225, 2.027027027027027, 25.0, 8.333333333333332, 0.0, 4.3478260869565215, 3.9473684210526314, 20.833333333333336, 1.1976047904191618, 13.043478260869565, 10.416666666666668, 0.9345794392523363, 11.11111111111111, 3.4482758620689653, 7.784431137724551, 7.246376811594203, 8.670520231213873, 8.91089108910891, 20.610687022900763, 2.7027027027027026, 4.651162790697675, 8.928571428571429, 17.272727272727273, 2.3255813953488373, 12.5, 4.3478260869565215, 0.0, 0.0, 6.0, 7.4074074074074066, 30.76923076923077, 26.666666666666668, 2.941176470588235, 8.695652173913043, 5.042016806722689, 2.9850746268656714, 7.462686567164178, 3.7037037037037033, 1.520912547528517, 7.5, 17.24137931034483, 11.688311688311687]
RMSE: 9.360309002131533
grid_scale: 0.4
resize_scale: 0.5
confiance: 0.5

random_seed: 1011
data_augmentation: True
samples: all
total_pred: 10385
total_real: 11073
