MAE: 3.9153846153846152 [9, 10, 2, 0, 2, 3, 2, 1, 4, 4, 8, 0, 3, 2, 3, 8, 6, 5, 2, 1, 2, 0, 3, 1, 3, 1, 1, 1, 0, 0, 1, 10, 2, 1, 1, 1, 3, 4, 0, 3, 3, 3, 15, 10, 13, 0, 4, 10, 1, 4, 2, 7, 5, 2, 0, 2, 1, 1, 2, 0, 10, 35, 2, 1, 5, 1, 0, 2, 10, 4, 4, 11, 0, 16, 4, 1, 1, 2, 6, 4, 18, 0, 3, 5, 12, 1, 0, 4, 0, 3, 7, 2, 0, 0, 2, 11, 1, 2, 5, 3, 4, 4, 2, 0, 4, 18, 12, 1, 2, 1, 6, 0, 0, 3, 1, 1, 4, 9, 0, 3, 2, 1, 1, 2, 0, 2, 3, 23, 3, 1]
MAPE: 5.66240142702081 [14.0625, 10.1010101010101, 2.083333333333333, 0.0, 1.6528925619834711, 3.225806451612903, 2.197802197802198, 1.0752688172043012, 4.166666666666666, 3.3333333333333335, 6.504065040650407, 0.0, 2.3622047244094486, 1.6, 6.122448979591836, 14.285714285714285, 10.344827586206897, 4.032258064516129, 2.666666666666667, 2.272727272727273, 3.278688524590164, 0.0, 4.10958904109589, 5.263157894736842, 10.344827586206897, 1.4084507042253522, 2.083333333333333, 3.8461538461538463, 0.0, 0.0, 2.7027027027027026, 15.384615384615385, 2.898550724637681, 3.3333333333333335, 3.3333333333333335, 2.4390243902439024, 11.538461538461538, 5.063291139240507, 0.0, 6.122448979591836, 3.8461538461538463, 6.122448979591836, 12.711864406779661, 5.405405405405405, 13.684210526315791, 0.0, 4.2105263157894735, 21.27659574468085, 1.2345679012345678, 1.7937219730941705, 2.0, 6.862745098039216, 4.901960784313726, 1.4705882352941175, 0.0, 4.651162790697675, 2.1739130434782608, 2.0408163265306123, 2.631578947368421, 0.0, 10.75268817204301, 30.701754385964914, 1.1904761904761905, 1.2048192771084338, 2.083333333333333, 1.3157894736842104, 0.0, 3.4482758620689653, 4.273504273504273, 8.51063829787234, 6.557377049180328, 23.404255319148938, 0.0, 7.8817733990147785, 1.8867924528301887, 1.3888888888888888, 1.5384615384615385, 3.508771929824561, 14.634146341463413, 3.1746031746031744, 100.0, 0.0, 9.67741935483871, 9.090909090909092, 31.57894736842105, 1.9607843137254901, 0.0, 4.761904761904762, 0.0, 2.027027027027027, 14.583333333333334, 2.380952380952381, 0.0, 0.0, 2.631578947368421, 11.458333333333332, 0.5988023952095809, 4.3478260869565215, 10.416666666666668, 2.803738317757009, 7.4074074074074066, 6.896551724137931, 1.1976047904191618, 0.0, 2.312138728323699, 8.91089108910891, 9.16030534351145, 1.3513513513513513, 4.651162790697675, 1.7857142857142856, 5.454545454545454, 0.0, 0.0, 13.043478260869565, 2.564102564102564, 2.083333333333333, 8.0, 11.11111111111111, 0.0, 10.0, 2.941176470588235, 2.1739130434782608, 0.8403361344537815, 1.4925373134328357, 0.0, 3.7037037037037033, 1.1406844106463878, 8.214285714285714, 10.344827586206897, 1.2987012987012987]
RMSE: 6.3760368689214895
grid_scale: 0.4
resize_scale: 0.5
confiance: 0.5

random_seed: 1011
data_augmentation: True
samples: all
total_pred: 10860
total_real: 11073
