MAE: 7.1461538461538465 [3, 15, 3, 5, 3, 6, 2, 18, 5, 6, 11, 14, 9, 6, 1, 3, 6, 13, 2, 0, 1, 0, 1, 1, 2, 2, 1, 0, 2, 0, 4, 3, 2, 0, 1, 0, 4, 1, 2, 1, 5, 3, 28, 30, 32, 3, 1, 14, 4, 23, 5, 8, 12, 7, 2, 2, 1, 3, 3, 0, 18, 64, 10, 2, 20, 3, 2, 2, 12, 2, 0, 15, 11, 23, 18, 1, 2, 5, 5, 23, 18, 2, 0, 6, 14, 2, 1, 1, 1, 6, 10, 4, 1, 1, 4, 24, 5, 9, 4, 4, 6, 7, 12, 12, 13, 31, 27, 2, 3, 2, 15, 3, 1, 1, 2, 0, 4, 5, 11, 5, 1, 5, 10, 5, 19, 0, 11, 8, 2, 6]
MAPE: 8.553026781322632 [4.6875, 15.151515151515152, 3.125, 4.424778761061947, 2.479338842975207, 6.451612903225806, 2.197802197802198, 19.35483870967742, 5.208333333333334, 5.0, 8.94308943089431, 11.475409836065573, 7.086614173228346, 4.8, 2.0408163265306123, 5.357142857142857, 10.344827586206897, 10.483870967741936, 2.666666666666667, 0.0, 1.639344262295082, 0.0, 1.36986301369863, 5.263157894736842, 6.896551724137931, 2.8169014084507045, 2.083333333333333, 0.0, 6.25, 0.0, 10.81081081081081, 4.615384615384616, 2.898550724637681, 0.0, 3.3333333333333335, 0.0, 15.384615384615385, 1.2658227848101267, 7.6923076923076925, 2.0408163265306123, 6.41025641025641, 6.122448979591836, 23.728813559322035, 16.216216216216218, 33.68421052631579, 5.263157894736842, 1.0526315789473684, 29.78723404255319, 4.938271604938271, 10.31390134529148, 5.0, 7.8431372549019605, 11.76470588235294, 5.147058823529411, 2.0618556701030926, 4.651162790697675, 2.1739130434782608, 6.122448979591836, 3.9473684210526314, 0.0, 19.35483870967742, 56.14035087719298, 5.952380952380952, 2.4096385542168677, 8.333333333333332, 3.9473684210526314, 3.4482758620689653, 3.4482758620689653, 5.128205128205128, 4.25531914893617, 0.0, 31.914893617021278, 6.547619047619048, 11.330049261083744, 8.49056603773585, 1.3888888888888888, 3.076923076923077, 8.771929824561402, 12.195121951219512, 18.253968253968253, 100.0, 5.714285714285714, 0.0, 10.909090909090908, 36.84210526315789, 3.9215686274509802, 2.7777777777777777, 1.1904761904761905, 1.0204081632653061, 4.054054054054054, 20.833333333333336, 4.761904761904762, 2.083333333333333, 2.1739130434782608, 5.263157894736842, 25.0, 2.9940119760479043, 19.565217391304348, 8.333333333333332, 3.7383177570093453, 11.11111111111111, 12.068965517241379, 7.18562874251497, 8.695652173913043, 7.514450867052023, 15.346534653465346, 20.610687022900763, 2.7027027027027026, 6.976744186046512, 3.571428571428571, 13.636363636363635, 6.976744186046512, 6.25, 4.3478260869565215, 5.128205128205128, 0.0, 8.0, 6.172839506172839, 28.205128205128204, 16.666666666666664, 1.4705882352941175, 10.869565217391305, 8.403361344537815, 3.731343283582089, 7.08955223880597, 0.0, 4.182509505703422, 2.857142857142857, 6.896551724137931, 7.792207792207792]
RMSE: 11.422312846758784
grid_scale: 0.4
resize_scale: 0.5
confiance: 0.5

random_seed: 1011
data_augmentation: True
samples: all
total_pred: 10246
total_real: 11073
