MAE: 6.130769230769231 [4, 10, 3, 5, 3, 3, 1, 7, 3, 7, 13, 11, 12, 6, 0, 2, 5, 14, 2, 1, 0, 2, 1, 1, 2, 0, 0, 0, 1, 1, 2, 1, 1, 0, 1, 5, 2, 2, 6, 4, 11, 1, 34, 15, 18, 3, 2, 9, 1, 15, 4, 1, 9, 6, 3, 2, 1, 1, 4, 2, 15, 45, 8, 4, 7, 2, 8, 1, 1, 2, 1, 12, 8, 22, 1, 0, 1, 5, 10, 15, 18, 2, 4, 7, 12, 1, 4, 0, 3, 6, 15, 8, 2, 7, 4, 24, 1, 8, 6, 3, 7, 7, 17, 10, 12, 17, 28, 1, 3, 1, 16, 1, 2, 3, 0, 0, 2, 3, 7, 4, 4, 1, 8, 4, 15, 1, 7, 10, 5, 12]
MAPE: 8.244674733351372 [6.25, 10.1010101010101, 3.125, 4.424778761061947, 2.479338842975207, 3.225806451612903, 1.098901098901099, 7.526881720430108, 3.125, 5.833333333333333, 10.569105691056912, 9.01639344262295, 9.448818897637794, 4.8, 0.0, 3.571428571428571, 8.620689655172415, 11.29032258064516, 2.666666666666667, 2.272727272727273, 0.0, 5.0, 1.36986301369863, 5.263157894736842, 6.896551724137931, 0.0, 0.0, 0.0, 3.125, 3.125, 5.405405405405405, 1.5384615384615385, 1.4492753623188406, 0.0, 3.3333333333333335, 12.195121951219512, 7.6923076923076925, 2.5316455696202533, 23.076923076923077, 8.16326530612245, 14.102564102564102, 2.0408163265306123, 28.8135593220339, 8.108108108108109, 18.947368421052634, 5.263157894736842, 2.1052631578947367, 19.148936170212767, 1.2345679012345678, 6.726457399103139, 4.0, 0.9803921568627451, 8.823529411764707, 4.411764705882353, 3.0927835051546393, 4.651162790697675, 2.1739130434782608, 2.0408163265306123, 5.263157894736842, 7.6923076923076925, 16.129032258064516, 39.473684210526315, 4.761904761904762, 4.819277108433735, 2.9166666666666665, 2.631578947368421, 13.793103448275861, 1.7241379310344827, 0.4273504273504274, 4.25531914893617, 1.639344262295082, 25.53191489361702, 4.761904761904762, 10.83743842364532, 0.4716981132075472, 0.0, 1.5384615384615385, 8.771929824561402, 24.390243902439025, 11.904761904761903, 100.0, 5.714285714285714, 12.903225806451612, 12.727272727272727, 31.57894736842105, 1.9607843137254901, 11.11111111111111, 0.0, 3.061224489795918, 4.054054054054054, 31.25, 9.523809523809524, 4.166666666666666, 15.217391304347828, 5.263157894736842, 25.0, 0.5988023952095809, 17.391304347826086, 12.5, 2.803738317757009, 12.962962962962962, 12.068965517241379, 10.179640718562874, 7.246376811594203, 6.9364161849710975, 8.415841584158416, 21.374045801526716, 1.3513513513513513, 6.976744186046512, 1.7857142857142856, 14.545454545454545, 2.3255813953488373, 12.5, 13.043478260869565, 0.0, 0.0, 4.0, 3.7037037037037033, 17.94871794871795, 13.333333333333334, 5.88235294117647, 2.1739130434782608, 6.722689075630252, 2.9850746268656714, 5.597014925373134, 1.8518518518518516, 2.6615969581749046, 3.571428571428571, 17.24137931034483, 15.584415584415584]
RMSE: 9.298883307646717
grid_scale: 0.4
resize_scale: 0.5
confiance: 0.5

random_seed: 1011
data_augmentation: True
samples: all
total_pred: 10350
total_real: 11073
