MAE: 3.330769230769231 [10, 1, 1, 4, 1, 1, 6, 2, 4, 0, 6, 1, 2, 3, 2, 5, 6, 2, 2, 1, 2, 3, 2, 4, 3, 1, 2, 1, 4, 1, 2, 4, 5, 1, 0, 1, 2, 9, 1, 2, 6, 2, 15, 11, 3, 2, 5, 4, 2, 4, 2, 3, 4, 1, 2, 0, 0, 1, 3, 1, 3, 1, 3, 0, 9, 1, 5, 0, 5, 1, 3, 7, 3, 2, 0, 2, 1, 1, 2, 4, 12, 1, 3, 4, 13, 2, 0, 4, 3, 6, 1, 4, 3, 2, 0, 3, 1, 1, 2, 0, 4, 2, 4, 1, 7, 13, 12, 1, 1, 0, 15, 4, 1, 0, 0, 2, 1, 7, 1, 2, 5, 2, 2, 5, 2, 3, 0, 35, 1, 1]
MAPE: 4.842393788420318 [15.625, 1.0101010101010102, 1.0416666666666665, 3.5398230088495577, 0.8264462809917356, 1.0752688172043012, 6.593406593406594, 2.1505376344086025, 4.166666666666666, 0.0, 4.878048780487805, 0.819672131147541, 1.574803149606299, 2.4, 4.081632653061225, 8.928571428571429, 10.344827586206897, 1.6129032258064515, 2.666666666666667, 2.272727272727273, 3.278688524590164, 7.5, 2.73972602739726, 21.052631578947366, 10.344827586206897, 1.4084507042253522, 4.166666666666666, 3.8461538461538463, 12.5, 3.125, 5.405405405405405, 6.153846153846154, 7.246376811594203, 3.3333333333333335, 0.0, 2.4390243902439024, 7.6923076923076925, 11.39240506329114, 3.8461538461538463, 4.081632653061225, 7.6923076923076925, 4.081632653061225, 12.711864406779661, 5.9459459459459465, 3.1578947368421053, 3.508771929824561, 5.263157894736842, 8.51063829787234, 2.4691358024691357, 1.7937219730941705, 2.0, 2.941176470588235, 3.9215686274509802, 0.7352941176470588, 2.0618556701030926, 0.0, 0.0, 2.0408163265306123, 3.9473684210526314, 3.8461538461538463, 3.225806451612903, 0.8771929824561403, 1.7857142857142856, 0.0, 3.75, 1.3157894736842104, 8.620689655172415, 0.0, 2.1367521367521367, 2.127659574468085, 4.918032786885246, 14.893617021276595, 1.7857142857142856, 0.9852216748768473, 0.0, 2.7777777777777777, 1.5384615384615385, 1.7543859649122806, 4.878048780487805, 3.1746031746031744, 66.66666666666666, 2.857142857142857, 9.67741935483871, 7.2727272727272725, 34.21052631578947, 3.9215686274509802, 0.0, 4.761904761904762, 3.061224489795918, 4.054054054054054, 2.083333333333333, 4.761904761904762, 6.25, 4.3478260869565215, 0.0, 3.125, 0.5988023952095809, 2.1739130434782608, 4.166666666666666, 0.0, 7.4074074074074066, 3.4482758620689653, 2.3952095808383236, 0.7246376811594203, 4.046242774566474, 6.435643564356436, 9.16030534351145, 1.3513513513513513, 2.3255813953488373, 0.0, 13.636363636363635, 9.30232558139535, 6.25, 0.0, 0.0, 4.166666666666666, 2.0, 8.641975308641975, 2.564102564102564, 6.666666666666667, 7.352941176470589, 4.3478260869565215, 1.680672268907563, 3.731343283582089, 0.7462686567164178, 5.555555555555555, 0.0, 12.5, 3.4482758620689653, 1.2987012987012987]
RMSE: 5.338539126015656
grid_scale: 0.45
resize_scale: 0.5
confiance: 0.4

random_seed: 1011
data_augmentation: True
samples: all
total_pred: 11032
total_real: 11073
