MAE: 15.461538461538462
MAPE: 22.81939596502305
RMSE: 18.214533504024494
grid_scale: 0.3
resize_scale: 0.5
confiance: 0.3

random_seed: 1011
data_augmentation: False
samples: 13
total_pred: 1278
total_real: 1077
