MAE: 70.23076923076923
MAPE: 82.2128015574066
RMSE: 89.66304444118289
grid_scale: 0.4
resize_scale: 0.5
confiance: 0.75

random_seed: 1011
data_augmentation: False
samples: 13
total_pred: 164
total_real: 1077
