MAE: 17.076923076923077
MAPE: 33.263469760130505
RMSE: 20.10357794408364
grid_scale: 0.45
resize_scale: 0.5
confiance: 0.2

random_seed: 1011
data_augmentation: False
samples: 13
total_pred: 1285
total_real: 1077
