MAE: 96.23076923076923
MAPE: 100.0
RMSE: 124.96060917806797
grid_scale: 0.4
resize_scale: 0.5
confiance: 0.9

random_seed: 1011
data_augmentation: False
samples: 13
total_pred: 0
total_real: 1251
