MAE: 74.3076923076923
MAPE: 89.22250397844596
RMSE: 92.38464740920472
grid_scale: 0.45
resize_scale: 0.5
confiance: 0.85

random_seed: 1011
data_augmentation: False
samples: 13
total_pred: 111
total_real: 1077
