MAE: 16.923076923076923
MAPE: 16.02766300302481
RMSE: 26.567765315249112
grid_scale: 0.5
resize_scale: 0.5
confiance: 0.75

random_seed: 1011
data_augmentation: False
samples: 13
total_pred: 857
total_real: 1077
