MAE: 74.15384615384616
MAPE: 89.73669156365874
RMSE: 91.4801365576997
grid_scale: 0.4
resize_scale: 0.5
confiance: 0.85

random_seed: 1011
data_augmentation: False
samples: 13
total_pred: 113
total_real: 1077
