MAE: 7.769230769230769
MAPE: 11.163013548767411
RMSE: 9.425823775466728
grid_scale: 0.3
resize_scale: 0.5
confiance: 0.5

random_seed: 1011
data_augmentation: False
samples: 13
total_pred: 1178
total_real: 1077
