MAE: 7.769230769230769
MAPE: 9.572573648826777
RMSE: 11.323902561871911
grid_scale: 0.35
resize_scale: 0.5
confiance: 0.5

random_seed: 1011
data_augmentation: False
samples: 13
total_pred: 1350
total_real: 1251
