MAE: 29.846153846153847
MAPE: 32.21381642586479
RMSE: 42.58566028064449
grid_scale: 0.45
resize_scale: 0.5
confiance: 0.8

random_seed: 1011
data_augmentation: False
samples: 13
total_pred: 689
total_real: 1077
