MAE: 12.076923076923077
MAPE: 17.399347516364188
RMSE: 14.366092557985814
grid_scale: 0.4
resize_scale: 0.5
confiance: 0.3

random_seed: 1011
data_augmentation: False
samples: 13
total_pred: 1234
total_real: 1077
