MAE: 22.0
MAPE: 21.670374882964264
RMSE: 28.737539105604604
grid_scale: 0.3
resize_scale: 0.5
confiance: 0.8

random_seed: 1011
data_augmentation: False
samples: 13
total_pred: 967
total_real: 1251
