MAE: 43.76923076923077
MAPE: 68.95522983016113
RMSE: 49.20522173665968
grid_scale: 0.25
resize_scale: 0.5
confiance: 0.2

random_seed: 1011
data_augmentation: False
samples: 13
total_pred: 1646
total_real: 1077
