MAE: 57.15384615384615
MAPE: 61.27447476187724
RMSE: 80.93729766829478
grid_scale: 0.45
resize_scale: 0.5
confiance: 0.5

random_seed: 1011
data_augmentation: False
samples: 13
total_pred: 334
total_real: 1077
