MAE: 9.076923076923077
MAPE: 12.021536820813663
RMSE: 11.100935511512947
grid_scale: 0.5
resize_scale: 0.5
confiance: 0.3

random_seed: 1011
data_augmentation: False
samples: 13
total_pred: 1195
total_real: 1077
