MAE: 53.53846153846154
MAPE: 58.323336585805286
RMSE: 74.21486477685016
grid_scale: 0.4
resize_scale: 0.5
confiance: 0.5

random_seed: 1011
data_augmentation: False
samples: 13
total_pred: 381
total_real: 1077
