MAE: 37.61538461538461
MAPE: 47.04893437820335
RMSE: 46.04930468029307
grid_scale: 0.35
resize_scale: 0.5
confiance: 0.2

random_seed: 1011
data_augmentation: False
samples: 13
total_pred: 1566
total_real: 1077
