MAE: 65.46153846153847
MAPE: 83.18569507075193
RMSE: 77.84748402633684
grid_scale: 0.25
resize_scale: 0.5
confiance: 0.85

random_seed: 1011
data_augmentation: False
samples: 13
total_pred: 226
total_real: 1077
