MAE: 39.84615384615385
MAPE: 58.324898215885064
RMSE: 46.72011591134199
grid_scale: 0.3
resize_scale: 0.5
confiance: 0.2

random_seed: 1011
data_augmentation: False
samples: 13
total_pred: 1595
total_real: 1077
