MAE: 15.384615384615385
MAPE: 19.82282885661542
RMSE: 22.854051988820107
grid_scale: 0.3
resize_scale: 0.5
confiance: 0.3

random_seed: 1011
data_augmentation: False
samples: 13
total_pred: 889
total_real: 1077
