MAE: 9.846153846153847
MAPE: 10.593683084903152
RMSE: 16.38479595422349
grid_scale: 0.45
resize_scale: 0.5
confiance: 0.75

random_seed: 1011
data_augmentation: False
samples: 13
total_pred: 961
total_real: 1077
