MAE: 82.84615384615384
MAPE: 100.0
RMSE: 102.30234225456049
grid_scale: 0.4
resize_scale: 0.5
confiance: 0.75

random_seed: 1011
data_augmentation: False
samples: 13
total_pred: 0
total_real: 1077
