MAE: 58.92307692307692
MAPE: 59.74166254597722
RMSE: 84.30986802358218
grid_scale: 0.5
resize_scale: 0.5
confiance: 0.5

random_seed: 1011
data_augmentation: False
samples: 13
total_pred: 311
total_real: 1077
