MAE: 13.76923076923077
MAPE: 17.762078732297525
RMSE: 17.22475856702519
grid_scale: 0.3
resize_scale: 0.5
confiance: 0.9

random_seed: 1011
data_augmentation: False
samples: 13
total_pred: 898
total_real: 1077
