MAE: 4.615384615384615
MAPE: 6.1826209241388606
RMSE: 7.411010519698169
grid_scale: 0.3
resize_scale: 0.5
confiance: 0.8

random_seed: 1011
data_augmentation: False
samples: 13
total_pred: 1047
total_real: 1077
