MAE: 4.769230769230769
MAPE: 6.174811523420365
RMSE: 6.667948594698257
grid_scale: 0.3
resize_scale: 0.5
confiance: 0.75

random_seed: 1011
data_augmentation: False
samples: 13
total_pred: 1075
total_real: 1077
