MAE: 39.84615384615385
MAPE: 43.14010405439525
RMSE: 57.34779185608833
grid_scale: 0.5
resize_scale: 0.5
confiance: 0.2

random_seed: 1011
data_augmentation: False
samples: 13
total_pred: 1547
total_real: 1077
