MAE: 19.923076923076923
MAPE: 23.536753135308196
RMSE: 25.238858928247925
grid_scale: 0.35
resize_scale: 0.5
confiance: 0.9

random_seed: 1011
data_augmentation: False
samples: 13
total_pred: 818
total_real: 1077
