MAE: 8.0
MAPE: 6.334779744381878
RMSE: 12.606469645506506
grid_scale: 0.35
resize_scale: 0.5
confiance: 0.75

random_seed: 1011
data_augmentation: False
samples: 13
total_pred: 1155
total_real: 1251
