MAE: 3.3076923076923075
MAPE: 5.045739090988675
RMSE: 4.009603855360661
grid_scale: 0.45
resize_scale: 0.5
confiance: 0.5

random_seed: 1011
data_augmentation: False
samples: 13
total_pred: 1086
total_real: 1077
