MAE: 16.846153846153847
MAPE: 15.896335618277345
RMSE: 29.556985377663004
grid_scale: 0.25
resize_scale: 0.5
confiance: 0.2

random_seed: 1011
data_augmentation: False
samples: 13
total_pred: 1260
total_real: 1077
