MAE: 16.615384615384617
MAPE: 18.903988695935514
RMSE: 23.677317935428935
grid_scale: 0.4
resize_scale: 0.5
confiance: 0.85

random_seed: 1011
data_augmentation: False
samples: 13
total_pred: 863
total_real: 1077
