MAE: 76.23076923076923
MAPE: 89.53362560309921
RMSE: 96.51902961034719
grid_scale: 0.35
resize_scale: 0.5
confiance: 0.8

random_seed: 1011
data_augmentation: False
samples: 13
total_pred: 86
total_real: 1077
