MAE: 38.07692307692308
MAPE: 43.08693016948428
RMSE: 51.48487455255483
grid_scale: 0.5
resize_scale: 0.5
confiance: 0.9

random_seed: 1011
data_augmentation: False
samples: 13
total_pred: 582
total_real: 1077
