MAE: 7.230769230769231
MAPE: 9.658677656896145
RMSE: 9.766504768063925
grid_scale: 0.3
resize_scale: 0.5
confiance: 0.85

random_seed: 1011
data_augmentation: False
samples: 13
total_pred: 991
total_real: 1077
