MAE: 15.461538461538462
MAPE: 18.880419552528817
RMSE: 19.1331367809077
grid_scale: 0.35
resize_scale: 0.5
confiance: 0.3

random_seed: 1011
data_augmentation: False
samples: 13
total_pred: 1278
total_real: 1077
