MAE: 76.07692307692308
MAPE: 91.70956680803675
RMSE: 93.81282510321365
grid_scale: 0.5
resize_scale: 0.5
confiance: 0.85

random_seed: 1011
data_augmentation: False
samples: 13
total_pred: 88
total_real: 1077
