MAE: 4.076923076923077
MAPE: 6.949021244947436
RMSE: 4.58257569495584
grid_scale: 0.4
resize_scale: 0.5
confiance: 0.5

random_seed: 1011
data_augmentation: False
samples: 13
total_pred: 1128
total_real: 1077
