MAE: 19.76923076923077
MAPE: 29.050848608700537
RMSE: 26.945814574380993
grid_scale: 0.25
resize_scale: 0.5
confiance: 0.3

random_seed: 1011
data_augmentation: False
samples: 13
total_pred: 832
total_real: 1077
