MAE: 20.384615384615383
MAPE: 42.79555854903086
RMSE: 25.345307561452383
grid_scale: 0.4
resize_scale: 0.5
confiance: 0.2

random_seed: 1011
data_augmentation: False
samples: 13
total_pred: 1342
total_real: 1077
