MAE: 11.076923076923077
MAPE: 13.460420339839626
RMSE: 16.200664753692624
grid_scale: 0.35
resize_scale: 0.5
confiance: 0.5

random_seed: 1011
data_augmentation: False
samples: 13
total_pred: 1197
total_real: 1077
