MAE: 19.153846153846153
MAPE: 21.038863569248097
RMSE: 28.160255680657446
grid_scale: 0.45
resize_scale: 0.5
confiance: 0.85

random_seed: 1011
data_augmentation: False
samples: 13
total_pred: 828
total_real: 1077
