MAE: 13.76923076923077
MAPE: 10.181576987179152
RMSE: 22.331419741975825
grid_scale: 0.45
resize_scale: 0.5
confiance: 0.75

random_seed: 1011
data_augmentation: False
samples: 13
total_pred: 1074
total_real: 1251
