MAE: 10.0
MAPE: 8.011295555286473
RMSE: 16.05758866848176
grid_scale: 0.4
resize_scale: 0.5
confiance: 0.75

random_seed: 1011
data_augmentation: False
samples: 13
total_pred: 1123
total_real: 1251
