MAE: 5.0
MAPE: 6.305913402563572
RMSE: 6.604194471348085
grid_scale: 0.5
resize_scale: 0.5
confiance: 0.5

random_seed: 1011
data_augmentation: False
samples: 13
total_pred: 1074
total_real: 1077
