MAE: 19.0
MAPE: 16.93296949250007
RMSE: 33.40543484110148
grid_scale: 0.45
resize_scale: 0.5
confiance: 0.3

random_seed: 1011
data_augmentation: False
samples: 13
total_pred: 870
total_real: 1077
