MAE: 52.38461538461539
MAPE: 70.6788877305114
RMSE: 62.77615911989323
grid_scale: 0.25
resize_scale: 0.5
confiance: 0.2

random_seed: 1011
data_augmentation: False
samples: 13
total_pred: 1758
total_real: 1077
