MAE: 13.23076923076923
MAPE: 23.538577612003643
RMSE: 14.539072026254475
grid_scale: 0.5
resize_scale: 0.5
confiance: 0.2

random_seed: 1011
data_augmentation: False
samples: 13
total_pred: 1203
total_real: 1077
