MAE: 17.307692307692307
MAPE: 23.053271404552092
RMSE: 22.200138599705944
grid_scale: 0.45
resize_scale: 0.5
confiance: 0.2

random_seed: 1011
data_augmentation: False
samples: 13
total_pred: 1302
total_real: 1077
