MAE: 28.615384615384617
MAPE: 33.14375690334858
RMSE: 42.17910529014245
grid_scale: 0.3
resize_scale: 0.5
confiance: 0.2

random_seed: 1011
data_augmentation: False
samples: 13
total_pred: 1449
total_real: 1077
