MAE: 15.0
MAPE: 16.666019553294657
RMSE: 25.962991412333885
grid_scale: 0.5
resize_scale: 0.5
confiance: 0.75

random_seed: 1011
data_augmentation: False
samples: 13
total_pred: 894
total_real: 1077
