MAE: 5.923076923076923
MAPE: 8.122752604959858
RMSE: 8.45349267826846
grid_scale: 0.25
resize_scale: 0.5
confiance: 0.75

random_seed: 1011
data_augmentation: False
samples: 13
total_pred: 1104
total_real: 1077
