MAE: 23.76923076923077
MAPE: 29.09895049870128
RMSE: 30.81832621621802
grid_scale: 0.3
resize_scale: 0.5
confiance: 0.8

random_seed: 1011
data_augmentation: False
samples: 13
total_pred: 768
total_real: 1077
