MAE: 13.538461538461538
MAPE: 15.013293114136546
RMSE: 20.725309684983277
grid_scale: 0.45
resize_scale: 0.5
confiance: 0.8

random_seed: 1011
data_augmentation: False
samples: 13
total_pred: 903
total_real: 1077
