MAE: 20.153846153846153
MAPE: 22.50591787000868
RMSE: 31.204043130535307
grid_scale: 0.5
resize_scale: 0.5
confiance: 0.8

random_seed: 1011
data_augmentation: False
samples: 13
total_pred: 815
total_real: 1077
