MAE: 13.538461538461538
MAPE: 13.672926445966839
RMSE: 24.63580883435892
grid_scale: 0.45
resize_scale: 0.5
confiance: 0.5

random_seed: 1011
data_augmentation: False
samples: 13
total_pred: 1199
total_real: 1077
