MAE: 6.5 [1, 18, 1, 9, 5, 8, 12, 9, 1, 2, 3, 10, 8, 1, 1, 5, 1, 15, 1, 3, 1, 10, 1, 3, 17, 20, 2, 8, 23, 3, 4, 2]
MAPE: 9.59355989805383 [0.9009009009009009, 12.244897959183673, 2.127659574468085, 17.307692307692307, 15.625, 4.790419161676647, 16.901408450704224, 9.782608695652174, 5.555555555555555, 6.666666666666667, 3.0, 10.869565217391305, 22.857142857142858, 8.333333333333332, 1.3333333333333335, 1.7241379310344827, 1.5625, 18.072289156626507, 1.4705882352941175, 6.976744186046512, 1.0526315789473684, 9.433962264150944, 1.0309278350515463, 14.285714285714285, 28.333333333333332, 17.391304347826086, 2.857142857142857, 9.63855421686747, 19.65811965811966, 17.647058823529413, 6.451612903225806, 11.11111111111111]
RMSE: 8.993052874302474 [1, 324, 1, 81, 25, 64, 144, 81, 1, 4, 9, 100, 64, 1, 1, 25, 1, 225, 1, 9, 1, 100, 1, 9, 289, 400, 4, 64, 529, 9, 16, 4]

pred: 2448 [110, 165, 46, 43, 27, 159, 83, 83, 17, 28, 103, 82, 27, 13, 74, 295, 63, 98, 67, 40, 94, 96, 98, 24, 43, 95, 72, 75, 140, 14, 58, 16]
real: 2490 [111, 147, 47, 52, 32, 167, 71, 92, 18, 30, 100, 92, 35, 12, 75, 290, 64, 83, 68, 43, 95, 106, 97, 21, 60, 115, 70, 83, 117, 17, 62, 18]

grid_scale: 0.3
resize_scale: 0.5
confiance: 0.9

random_seed: 1011
data_augmentation: False
samples: 32
