MAE: 13.5 [11, 76, 2, 12, 2, 9, 46, 7, 0, 3, 14, 19, 3, 3, 0, 32, 38, 40, 4, 4, 4, 4, 16, 7, 11, 9, 0, 3, 46, 2, 4, 1]
MAPE: 16.73950932985838 [9.90990990990991, 51.70068027210885, 4.25531914893617, 23.076923076923077, 6.25, 5.389221556886228, 64.7887323943662, 7.608695652173914, 0.0, 10.0, 14.000000000000002, 20.652173913043477, 8.571428571428571, 25.0, 0.0, 11.03448275862069, 59.375, 48.19277108433735, 5.88235294117647, 9.30232558139535, 4.2105263157894735, 3.7735849056603774, 16.49484536082474, 33.33333333333333, 18.333333333333332, 7.82608695652174, 0.0, 3.614457831325301, 39.31623931623932, 11.76470588235294, 6.451612903225806, 5.555555555555555]
RMSE: 22.124646889837585 [121, 5776, 4, 144, 4, 81, 2116, 49, 0, 9, 196, 361, 9, 9, 0, 1024, 1444, 1600, 16, 16, 16, 16, 256, 49, 121, 81, 0, 9, 2116, 4, 16, 1]

pred: 2794 [122, 223, 45, 64, 30, 176, 117, 85, 18, 27, 114, 73, 32, 15, 75, 322, 102, 123, 64, 47, 99, 110, 113, 28, 49, 106, 70, 86, 163, 19, 58, 19]
real: 2490 [111, 147, 47, 52, 32, 167, 71, 92, 18, 30, 100, 92, 35, 12, 75, 290, 64, 83, 68, 43, 95, 106, 97, 21, 60, 115, 70, 83, 117, 17, 62, 18]

grid_scale: 0.2
resize_scale: 0.5
confiance: 0.8

random_seed: 1011
data_augmentation: False
samples: 32
