MAE: 10.875 [5, 45, 6, 3, 3, 4, 25, 22, 3, 7, 4, 33, 5, 1, 8, 27, 11, 21, 13, 2, 2, 5, 1, 4, 18, 18, 12, 4, 20, 1, 14, 1]
MAPE: 14.340539605366896 [4.504504504504505, 30.612244897959183, 12.76595744680851, 5.769230769230769, 9.375, 2.3952095808383236, 35.2112676056338, 23.91304347826087, 16.666666666666664, 23.333333333333332, 4.0, 35.869565217391305, 14.285714285714285, 8.333333333333332, 10.666666666666668, 9.310344827586208, 17.1875, 25.301204819277107, 19.11764705882353, 4.651162790697675, 2.1052631578947367, 4.716981132075472, 1.0309278350515463, 19.047619047619047, 30.0, 15.65217391304348, 17.142857142857142, 4.819277108433735, 17.094017094017094, 5.88235294117647, 22.58064516129032, 5.555555555555555]
RMSE: 15.20485119953497 [25, 2025, 36, 9, 9, 16, 625, 484, 9, 49, 16, 1089, 25, 1, 64, 729, 121, 441, 169, 4, 4, 25, 1, 16, 324, 324, 144, 16, 400, 1, 196, 1]

pred: 2414 [106, 192, 41, 55, 29, 163, 96, 70, 15, 23, 104, 59, 30, 13, 67, 263, 75, 104, 55, 41, 93, 101, 98, 25, 42, 97, 58, 79, 137, 18, 48, 17]
real: 2490 [111, 147, 47, 52, 32, 167, 71, 92, 18, 30, 100, 92, 35, 12, 75, 290, 64, 83, 68, 43, 95, 106, 97, 21, 60, 115, 70, 83, 117, 17, 62, 18]

grid_scale: 0.2
resize_scale: 0.5
confiance: 0.9

random_seed: 1011
data_augmentation: False
samples: 32
