MAE: 40.15625 [77, 124, 16, 47, 5, 61, 71, 15, 4, 4, 72, 45, 7, 5, 15, 158, 52, 82, 38, 8, 39, 35, 70, 9, 3, 32, 34, 29, 102, 6, 13, 7]
MAPE: 46.297433861038 [69.36936936936937, 84.35374149659864, 34.04255319148936, 90.38461538461539, 15.625, 36.52694610778443, 100.0, 16.304347826086957, 22.22222222222222, 13.333333333333334, 72.0, 48.91304347826087, 20.0, 41.66666666666667, 20.0, 54.48275862068965, 81.25, 98.79518072289156, 55.88235294117647, 18.6046511627907, 41.05263157894737, 33.0188679245283, 72.16494845360825, 42.857142857142854, 5.0, 27.82608695652174, 48.57142857142857, 34.93975903614458, 87.17948717948718, 35.294117647058826, 20.967741935483872, 38.88888888888889]
RMSE: 55.23727228964153 [5929, 15376, 256, 2209, 25, 3721, 5041, 225, 16, 16, 5184, 2025, 49, 25, 225, 24964, 2704, 6724, 1444, 64, 1521, 1225, 4900, 81, 9, 1024, 1156, 841, 10404, 36, 169, 49]

pred: 3775 [188, 271, 63, 99, 37, 228, 142, 107, 22, 34, 172, 137, 42, 17, 90, 448, 116, 165, 106, 51, 134, 141, 167, 30, 63, 147, 104, 112, 219, 23, 75, 25]
real: 2490 [111, 147, 47, 52, 32, 167, 71, 92, 18, 30, 100, 92, 35, 12, 75, 290, 64, 83, 68, 43, 95, 106, 97, 21, 60, 115, 70, 83, 117, 17, 62, 18]

grid_scale: 0.3
resize_scale: 0.5
confiance: 0.3

random_seed: 1011
data_augmentation: False
samples: 32
