MAE: 15.90625 [32, 59, 3, 14, 1, 18, 35, 3, 1, 2, 27, 16, 1, 3, 3, 78, 18, 40, 9, 1, 13, 7, 22, 6, 2, 2, 18, 3, 62, 4, 3, 3]
MAPE: 18.123255232511692 [28.82882882882883, 40.136054421768705, 6.382978723404255, 26.923076923076923, 3.125, 10.778443113772456, 49.29577464788733, 3.260869565217391, 5.555555555555555, 6.666666666666667, 27.0, 17.391304347826086, 2.857142857142857, 25.0, 4.0, 26.89655172413793, 28.125, 48.19277108433735, 13.23529411764706, 2.3255813953488373, 13.684210526315791, 6.60377358490566, 22.68041237113402, 28.57142857142857, 3.3333333333333335, 1.7391304347826086, 25.71428571428571, 3.614457831325301, 52.991452991452995, 23.52941176470588, 4.838709677419355, 16.666666666666664]
RMSE: 25.20230644206994 [1024, 3481, 9, 196, 1, 324, 1225, 9, 1, 4, 729, 256, 1, 9, 9, 6084, 324, 1600, 81, 1, 169, 49, 484, 36, 4, 4, 324, 9, 3844, 16, 9, 9]

pred: 2983 [143, 206, 50, 66, 31, 185, 106, 95, 19, 28, 127, 108, 34, 15, 78, 368, 82, 123, 77, 44, 108, 113, 119, 27, 58, 113, 88, 86, 179, 21, 65, 21]
real: 2490 [111, 147, 47, 52, 32, 167, 71, 92, 18, 30, 100, 92, 35, 12, 75, 290, 64, 83, 68, 43, 95, 106, 97, 21, 60, 115, 70, 83, 117, 17, 62, 18]

grid_scale: 0.3
resize_scale: 0.5
confiance: 0.7

random_seed: 1011
data_augmentation: False
samples: 32
