MAE: 25.71875 [54, 50, 1, 17, 11, 41, 65, 4, 3, 2, 36, 65, 8, 3, 25, 22, 11, 31, 52, 6, 29, 47, 33, 3, 2, 6, 56, 41, 86, 0, 13, 0]
MAPE: 30.98815648956983 [48.64864864864865, 34.01360544217687, 2.127659574468085, 32.69230769230769, 34.375, 24.550898203592812, 91.54929577464789, 4.3478260869565215, 16.666666666666664, 6.666666666666667, 36.0, 70.65217391304348, 22.857142857142858, 25.0, 33.33333333333333, 7.586206896551724, 17.1875, 37.34939759036144, 76.47058823529412, 13.953488372093023, 30.526315789473685, 44.339622641509436, 34.02061855670103, 14.285714285714285, 3.3333333333333335, 5.217391304347826, 80.0, 49.39759036144578, 73.50427350427351, 0.0, 20.967741935483872, 0.0]
RMSE: 34.84653856554478 [2916, 2500, 1, 289, 121, 1681, 4225, 16, 9, 4, 1296, 4225, 64, 9, 625, 484, 121, 961, 2704, 36, 841, 2209, 1089, 9, 4, 36, 3136, 1681, 7396, 0, 169, 0]

pred: 3235 [165, 197, 48, 69, 43, 208, 136, 96, 15, 32, 136, 157, 27, 15, 100, 268, 75, 114, 120, 49, 124, 153, 130, 24, 62, 109, 126, 124, 203, 17, 75, 18]
real: 2490 [111, 147, 47, 52, 32, 167, 71, 92, 18, 30, 100, 92, 35, 12, 75, 290, 64, 83, 68, 43, 95, 106, 97, 21, 60, 115, 70, 83, 117, 17, 62, 18]

grid_scale: 0.5
resize_scale: 0.5
confiance: 0.4

random_seed: 1011
data_augmentation: False
samples: 32
