MAE: 10.3125 [12, 37, 1, 9, 1, 9, 27, 3, 0, 2, 18, 2, 4, 1, 2, 49, 11, 32, 3, 1, 9, 2, 11, 5, 7, 10, 14, 1, 45, 0, 0, 2]
MAPE: 11.609820344897207 [10.81081081081081, 25.170068027210885, 2.127659574468085, 17.307692307692307, 3.125, 5.389221556886228, 38.028169014084504, 3.260869565217391, 0.0, 6.666666666666667, 18.0, 2.1739130434782608, 11.428571428571429, 8.333333333333332, 2.666666666666667, 16.896551724137932, 17.1875, 38.55421686746988, 4.411764705882353, 2.3255813953488373, 9.473684210526317, 1.8867924528301887, 11.34020618556701, 23.809523809523807, 11.666666666666666, 8.695652173913043, 20.0, 1.2048192771084338, 38.46153846153847, 0.0, 0.0, 11.11111111111111]
RMSE: 16.705163872288114 [144, 1369, 1, 81, 1, 81, 729, 9, 0, 4, 324, 4, 16, 1, 4, 2401, 121, 1024, 9, 1, 81, 4, 121, 25, 49, 100, 196, 1, 2025, 0, 0, 4]

pred: 2760 [123, 184, 48, 61, 31, 176, 98, 89, 18, 28, 118, 94, 31, 13, 77, 339, 75, 115, 71, 42, 104, 104, 108, 26, 53, 105, 84, 84, 162, 17, 62, 20]
real: 2490 [111, 147, 47, 52, 32, 167, 71, 92, 18, 30, 100, 92, 35, 12, 75, 290, 64, 83, 68, 43, 95, 106, 97, 21, 60, 115, 70, 83, 117, 17, 62, 18]

grid_scale: 0.3
resize_scale: 0.5
confiance: 0.8

random_seed: 1011
data_augmentation: False
samples: 32
