MAE: 27.125 [54, 100, 8, 32, 0, 39, 51, 12, 2, 0, 46, 26, 2, 4, 8, 108, 33, 61, 29, 5, 23, 18, 44, 7, 1, 16, 25, 19, 73, 6, 10, 6]
MAPE: 31.135733340135843 [48.64864864864865, 68.02721088435374, 17.02127659574468, 61.53846153846154, 0.0, 23.353293413173652, 71.83098591549296, 13.043478260869565, 11.11111111111111, 0.0, 46.0, 28.26086956521739, 5.714285714285714, 33.33333333333333, 10.666666666666668, 37.24137931034483, 51.5625, 73.49397590361446, 42.64705882352941, 11.627906976744185, 24.210526315789473, 16.9811320754717, 45.36082474226804, 33.33333333333333, 1.6666666666666667, 13.91304347826087, 35.714285714285715, 22.89156626506024, 62.39316239316239, 35.294117647058826, 16.129032258064516, 33.33333333333333]
RMSE: 38.75886995256699 [2916, 10000, 64, 1024, 0, 1521, 2601, 144, 4, 0, 2116, 676, 4, 16, 64, 11664, 1089, 3721, 841, 25, 529, 324, 1936, 49, 1, 256, 625, 361, 5329, 36, 100, 36]

pred: 3356 [165, 247, 55, 84, 32, 206, 122, 104, 20, 30, 146, 118, 37, 16, 83, 398, 97, 144, 97, 48, 118, 124, 141, 28, 59, 131, 95, 102, 190, 23, 72, 24]
real: 2490 [111, 147, 47, 52, 32, 167, 71, 92, 18, 30, 100, 92, 35, 12, 75, 290, 64, 83, 68, 43, 95, 106, 97, 21, 60, 115, 70, 83, 117, 17, 62, 18]

grid_scale: 0.3
resize_scale: 0.5
confiance: 0.5

random_seed: 1011
data_augmentation: False
samples: 32
