MAE: 28.65625 [41, 127, 7, 43, 4, 27, 86, 16, 2, 3, 40, 1, 7, 4, 8, 105, 66, 71, 12, 13, 21, 16, 39, 11, 1, 15, 12, 21, 87, 5, 2, 4]
MAPE: 34.47545669483482 [36.93693693693694, 86.39455782312925, 14.893617021276595, 82.6923076923077, 12.5, 16.16766467065868, 121.12676056338027, 17.391304347826086, 11.11111111111111, 10.0, 40.0, 1.0869565217391304, 20.0, 33.33333333333333, 10.666666666666668, 36.206896551724135, 103.125, 85.54216867469879, 17.647058823529413, 30.23255813953488, 22.105263157894736, 15.09433962264151, 40.20618556701031, 52.38095238095239, 1.6666666666666667, 13.043478260869565, 17.142857142857142, 25.301204819277107, 74.35897435897436, 29.411764705882355, 3.225806451612903, 22.22222222222222]
RMSE: 43.78462915224931 [1681, 16129, 49, 1849, 16, 729, 7396, 256, 4, 9, 1600, 1, 49, 16, 64, 11025, 4356, 5041, 144, 169, 441, 256, 1521, 121, 1, 225, 144, 441, 7569, 25, 4, 16]

pred: 3405 [152, 274, 54, 95, 36, 194, 157, 108, 20, 33, 140, 91, 42, 16, 83, 395, 130, 154, 80, 56, 116, 122, 136, 32, 61, 130, 82, 104, 204, 22, 64, 22]
real: 2490 [111, 147, 47, 52, 32, 167, 71, 92, 18, 30, 100, 92, 35, 12, 75, 290, 64, 83, 68, 43, 95, 106, 97, 21, 60, 115, 70, 83, 117, 17, 62, 18]

grid_scale: 0.2
resize_scale: 0.5
confiance: 0.5

random_seed: 1011
data_augmentation: False
samples: 32
