MAE: 13.65625 [9, 4, 1, 11, 1, 6, 13, 14, 10, 8, 9, 20, 22, 1, 3, 101, 10, 4, 20, 3, 4, 8, 10, 0, 21, 42, 21, 13, 43, 1, 0, 4]
MAPE: 17.446126383846163 [8.108108108108109, 2.7210884353741496, 2.127659574468085, 21.153846153846153, 3.125, 3.592814371257485, 18.30985915492958, 15.217391304347828, 55.55555555555556, 26.666666666666668, 9.0, 21.73913043478261, 62.857142857142854, 8.333333333333332, 4.0, 34.82758620689655, 15.625, 4.819277108433735, 29.411764705882355, 6.976744186046512, 4.2105263157894735, 7.547169811320755, 10.309278350515463, 0.0, 35.0, 36.52173913043478, 30.0, 15.66265060240964, 36.75213675213676, 5.88235294117647, 0.0, 22.22222222222222]
RMSE: 23.282906820240466 [81, 16, 1, 121, 1, 36, 169, 196, 100, 64, 81, 400, 484, 1, 9, 10201, 100, 16, 400, 9, 16, 64, 100, 0, 441, 1764, 441, 169, 1849, 1, 0, 16]

pred: 2427 [120, 151, 46, 41, 31, 173, 84, 78, 8, 22, 109, 112, 13, 11, 78, 189, 54, 87, 88, 40, 99, 114, 107, 21, 39, 73, 91, 96, 160, 16, 62, 14]
real: 2490 [111, 147, 47, 52, 32, 167, 71, 92, 18, 30, 100, 92, 35, 12, 75, 290, 64, 83, 68, 43, 95, 106, 97, 21, 60, 115, 70, 83, 117, 17, 62, 18]

grid_scale: 0.5
resize_scale: 0.5
confiance: 0.8

random_seed: 1011
data_augmentation: False
samples: 32
