MAE: 20.875 [66, 52, 6, 24, 1, 51, 59, 11, 1, 3, 41, 29, 5, 2, 13, 10, 7, 41, 23, 4, 30, 19, 41, 6, 1, 1, 32, 16, 68, 1, 4, 0]
MAPE: 24.50215230710816 [59.45945945945946, 35.374149659863946, 12.76595744680851, 46.15384615384615, 3.125, 30.538922155688624, 83.09859154929578, 11.956521739130435, 5.555555555555555, 10.0, 41.0, 31.521739130434785, 14.285714285714285, 16.666666666666664, 17.333333333333336, 3.4482758620689653, 10.9375, 49.39759036144578, 33.82352941176471, 9.30232558139535, 31.57894736842105, 17.92452830188679, 42.2680412371134, 28.57142857142857, 1.6666666666666667, 0.8695652173913043, 45.714285714285715, 19.27710843373494, 58.119658119658126, 5.88235294117647, 6.451612903225806, 0.0]
RMSE: 29.51800298123164 [4356, 2704, 36, 576, 1, 2601, 3481, 121, 1, 9, 1681, 841, 25, 4, 169, 100, 49, 1681, 529, 16, 900, 361, 1681, 36, 1, 1, 1024, 256, 4624, 1, 16, 0]

pred: 3118 [177, 199, 53, 76, 33, 218, 130, 103, 17, 27, 141, 121, 30, 14, 88, 280, 71, 124, 91, 47, 125, 125, 138, 27, 59, 116, 102, 99, 185, 18, 66, 18]
real: 2490 [111, 147, 47, 52, 32, 167, 71, 92, 18, 30, 100, 92, 35, 12, 75, 290, 64, 83, 68, 43, 95, 106, 97, 21, 60, 115, 70, 83, 117, 17, 62, 18]

grid_scale: 0.4
resize_scale: 0.5
confiance: 0.6

random_seed: 1011
data_augmentation: False
samples: 32
