MAE: 26.0 [74, 64, 9, 28, 1, 63, 71, 17, 1, 2, 51, 41, 5, 3, 17, 8, 12, 53, 27, 5, 38, 27, 54, 7, 5, 8, 35, 20, 75, 2, 8, 1]
MAPE: 30.848501943427017 [66.66666666666666, 43.53741496598639, 19.148936170212767, 53.84615384615385, 3.125, 37.72455089820359, 100.0, 18.478260869565215, 5.555555555555555, 6.666666666666667, 51.0, 44.565217391304344, 14.285714285714285, 25.0, 22.666666666666664, 2.7586206896551726, 18.75, 63.85542168674698, 39.705882352941174, 11.627906976744185, 40.0, 25.471698113207548, 55.670103092783506, 33.33333333333333, 8.333333333333332, 6.956521739130435, 50.0, 24.096385542168676, 64.1025641025641, 11.76470588235294, 12.903225806451612, 5.555555555555555]
RMSE: 35.64758056306206 [5476, 4096, 81, 784, 1, 3969, 5041, 289, 1, 4, 2601, 1681, 25, 9, 289, 64, 144, 2809, 729, 25, 1444, 729, 2916, 49, 25, 64, 1225, 400, 5625, 4, 64, 1]

pred: 3306 [185, 211, 56, 80, 33, 230, 142, 109, 17, 28, 151, 133, 30, 15, 92, 298, 76, 136, 95, 48, 133, 133, 151, 28, 65, 123, 105, 103, 192, 19, 70, 19]
real: 2490 [111, 147, 47, 52, 32, 167, 71, 92, 18, 30, 100, 92, 35, 12, 75, 290, 64, 83, 68, 43, 95, 106, 97, 21, 60, 115, 70, 83, 117, 17, 62, 18]

grid_scale: 0.4
resize_scale: 0.5
confiance: 0.5

random_seed: 1011
data_augmentation: False
samples: 32
