MAE: 43.21875 [61, 185, 17, 70, 9, 33, 124, 27, 2, 5, 62, 14, 11, 7, 12, 157, 85, 87, 21, 24, 35, 24, 56, 12, 4, 29, 26, 30, 123, 7, 17, 7]
MAPE: 52.65118802549034 [54.95495495495496, 125.85034013605443, 36.17021276595745, 134.6153846153846, 28.125, 19.760479041916167, 174.64788732394365, 29.347826086956523, 11.11111111111111, 16.666666666666664, 62.0, 15.217391304347828, 31.428571428571427, 58.333333333333336, 16.0, 54.137931034482754, 132.8125, 104.81927710843372, 30.88235294117647, 55.81395348837209, 36.84210526315789, 22.641509433962266, 57.73195876288659, 57.14285714285714, 6.666666666666667, 25.217391304347824, 37.142857142857146, 36.144578313253014, 105.12820512820514, 41.17647058823529, 27.419354838709676, 38.88888888888889]
RMSE: 63.315430583705265 [3721, 34225, 289, 4900, 81, 1089, 15376, 729, 4, 25, 3844, 196, 121, 49, 144, 24649, 7225, 7569, 441, 576, 1225, 576, 3136, 144, 16, 841, 676, 900, 15129, 49, 289, 49]

pred: 3873 [172, 332, 64, 122, 41, 200, 195, 119, 20, 35, 162, 106, 46, 19, 87, 447, 149, 170, 89, 67, 130, 130, 153, 33, 64, 144, 96, 113, 240, 24, 79, 25]
real: 2490 [111, 147, 47, 52, 32, 167, 71, 92, 18, 30, 100, 92, 35, 12, 75, 290, 64, 83, 68, 43, 95, 106, 97, 21, 60, 115, 70, 83, 117, 17, 62, 18]

grid_scale: 0.2
resize_scale: 0.5
confiance: 0.3

random_seed: 1011
data_augmentation: False
samples: 32
