MAE: 18.5625 [1, 19, 48, 15, 31, 52, 16, 11, 3, 2, 44, 7, 34, 2, 3, 1, 17, 63, 25, 9, 25, 1, 31, 5, 5, 1, 35, 29, 4, 24, 2, 29]
MAPE: 22.237802128683303 [2.127659574468085, 19.0, 52.17391304347826, 18.072289156626507, 27.927927927927925, 17.93103448275862, 45.714285714285715, 14.666666666666666, 16.666666666666664, 6.666666666666667, 62.857142857142854, 21.875, 50.0, 9.523809523809524, 5.769230769230769, 8.333333333333332, 17.894736842105264, 53.84615384615385, 21.73913043478261, 15.0, 25.773195876288657, 2.3255813953488373, 21.08843537414966, 5.434782608695652, 27.77777777777778, 5.88235294117647, 49.29577464788733, 34.93975903614458, 6.451612903225806, 14.37125748502994, 3.125, 27.358490566037734]
RMSE: 25.12842016522328 [1, 361, 2304, 225, 961, 2704, 256, 121, 9, 4, 1936, 49, 1156, 4, 9, 1, 289, 3969, 625, 81, 625, 1, 961, 25, 25, 1, 1225, 841, 16, 576, 4, 841]

pred: 2844 [48, 119, 140, 98, 142, 238, 19, 86, 15, 28, 114, 39, 102, 23, 55, 13, 112, 180, 90, 51, 122, 44, 178, 87, 13, 16, 106, 112, 66, 191, 62, 135]
real: 2490 [47, 100, 92, 83, 111, 290, 35, 75, 18, 30, 70, 32, 68, 21, 52, 12, 95, 117, 115, 60, 97, 43, 147, 92, 18, 17, 71, 83, 62, 167, 64, 106]

grid_scale: 0.5
resize_scale: 0.5
confiance: 0.6

random_seed: 1011
data_augmentation: False
samples: 32
