MAE: 17.625 [25, 100, 1, 20, 0, 16, 66, 6, 1, 1, 23, 11, 2, 4, 1, 47, 49, 51, 3, 8, 10, 8, 21, 7, 5, 0, 5, 9, 57, 3, 2, 2]
MAPE: 21.304218952563183 [22.52252252252252, 68.02721088435374, 2.127659574468085, 38.46153846153847, 0.0, 9.580838323353294, 92.95774647887323, 6.521739130434782, 5.555555555555555, 3.3333333333333335, 23.0, 11.956521739130435, 5.714285714285714, 33.33333333333333, 1.3333333333333335, 16.206896551724135, 76.5625, 61.44578313253012, 4.411764705882353, 18.6046511627907, 10.526315789473683, 7.547169811320755, 21.649484536082475, 33.33333333333333, 8.333333333333332, 0.0, 7.142857142857142, 10.843373493975903, 48.717948717948715, 17.647058823529413, 3.225806451612903, 11.11111111111111]
RMSE: 29.411944852389478 [625, 10000, 1, 400, 0, 256, 4356, 36, 1, 1, 529, 121, 4, 16, 1, 2209, 2401, 2601, 9, 64, 100, 64, 441, 49, 25, 0, 25, 81, 3249, 9, 4, 4]

pred: 3010 [136, 247, 48, 72, 32, 183, 137, 98, 19, 29, 123, 81, 37, 16, 76, 337, 113, 134, 65, 51, 105, 114, 118, 28, 55, 115, 75, 92, 174, 20, 60, 20]
real: 2490 [111, 147, 47, 52, 32, 167, 71, 92, 18, 30, 100, 92, 35, 12, 75, 290, 64, 83, 68, 43, 95, 106, 97, 21, 60, 115, 70, 83, 117, 17, 62, 18]

grid_scale: 0.2
resize_scale: 0.5
confiance: 0.7

random_seed: 1011
data_augmentation: False
samples: 32
