MAE: 12.5625 [40, 26, 2, 8, 2, 23, 29, 2, 5, 6, 17, 11, 8, 1, 5, 46, 0, 21, 10, 1, 14, 2, 18, 4, 13, 11, 15, 7, 46, 1, 6, 2]
MAPE: 15.328122864024879 [36.03603603603604, 17.687074829931973, 4.25531914893617, 15.384615384615385, 6.25, 13.77245508982036, 40.845070422535215, 2.1739130434782608, 27.77777777777778, 20.0, 17.0, 11.956521739130435, 22.857142857142858, 8.333333333333332, 6.666666666666667, 15.862068965517242, 0.0, 25.301204819277107, 14.705882352941178, 2.3255813953488373, 14.736842105263156, 1.8867924528301887, 18.556701030927837, 19.047619047619047, 21.666666666666668, 9.565217391304348, 21.428571428571427, 8.433734939759036, 39.31623931623932, 5.88235294117647, 9.67741935483871, 11.11111111111111]
RMSE: 17.855321335669096 [1600, 676, 4, 64, 4, 529, 841, 4, 25, 36, 289, 121, 64, 1, 25, 2116, 0, 441, 100, 1, 196, 4, 324, 16, 169, 121, 225, 49, 2116, 1, 36, 4]

pred: 2694 [151, 173, 49, 60, 30, 190, 100, 94, 13, 24, 117, 103, 27, 13, 80, 244, 64, 104, 78, 44, 109, 108, 115, 25, 47, 104, 85, 90, 163, 18, 56, 16]
real: 2490 [111, 147, 47, 52, 32, 167, 71, 92, 18, 30, 100, 92, 35, 12, 75, 290, 64, 83, 68, 43, 95, 106, 97, 21, 60, 115, 70, 83, 117, 17, 62, 18]

grid_scale: 0.4
resize_scale: 0.5
confiance: 0.8

random_seed: 1011
data_augmentation: False
samples: 32
