MAE: 16.21875 [5, 9, 1, 7, 4, 124, 27, 7, 6, 14, 11, 8, 9, 5, 18, 1, 4, 24, 58, 33, 13, 6, 18, 25, 11, 3, 4, 1, 4, 13, 30, 16]
MAPE: 22.544996626669853 [10.638297872340425, 9.0, 1.0869565217391304, 8.433734939759036, 3.6036036036036037, 42.758620689655174, 77.14285714285715, 9.333333333333334, 33.33333333333333, 46.666666666666664, 15.714285714285714, 25.0, 13.23529411764706, 23.809523809523807, 34.61538461538461, 8.333333333333332, 4.2105263157894735, 20.51282051282051, 50.43478260869565, 55.00000000000001, 13.402061855670103, 13.953488372093023, 12.244897959183673, 27.173913043478258, 61.111111111111114, 17.647058823529413, 5.633802816901409, 1.2048192771084338, 6.451612903225806, 7.784431137724551, 46.875, 15.09433962264151]
RMSE: 27.873038047546952 [25, 81, 1, 49, 16, 15376, 729, 49, 36, 196, 121, 64, 81, 25, 324, 1, 16, 576, 3364, 1089, 169, 36, 324, 625, 121, 9, 16, 1, 16, 169, 900, 256]

pred: 2061 [42, 91, 91, 76, 107, 166, 8, 68, 12, 16, 81, 24, 77, 16, 34, 11, 91, 141, 57, 27, 84, 37, 129, 67, 7, 14, 67, 84, 58, 154, 34, 90]
real: 2490 [47, 100, 92, 83, 111, 290, 35, 75, 18, 30, 70, 32, 68, 21, 52, 12, 95, 117, 115, 60, 97, 43, 147, 92, 18, 17, 71, 83, 62, 167, 64, 106]

grid_scale: 0.5
resize_scale: 0.5
confiance: 0.9

random_seed: 1011
data_augmentation: False
samples: 32
