MAE: 16.15625 [0, 14, 37, 9, 20, 76, 20, 7, 4, 6, 31, 5, 28, 1, 3, 1, 13, 54, 31, 12, 22, 1, 19, 8, 7, 1, 24, 20, 1, 15, 5, 22]
MAPE: 19.78717939504179 [0.0, 14.000000000000002, 40.21739130434783, 10.843373493975903, 18.01801801801802, 26.20689655172414, 57.14285714285714, 9.333333333333334, 22.22222222222222, 20.0, 44.285714285714285, 15.625, 41.17647058823529, 4.761904761904762, 5.769230769230769, 8.333333333333332, 13.684210526315791, 46.15384615384615, 26.956521739130434, 20.0, 22.68041237113402, 2.3255813953488373, 12.925170068027212, 8.695652173913043, 38.88888888888889, 5.88235294117647, 33.80281690140845, 24.096385542168676, 1.6129032258064515, 8.982035928143713, 7.8125, 20.754716981132077]
RMSE: 23.025122149513127 [0, 196, 1369, 81, 400, 5776, 400, 49, 16, 36, 961, 25, 784, 1, 9, 1, 169, 2916, 961, 144, 484, 1, 361, 64, 49, 1, 576, 400, 1, 225, 25, 484]

pred: 2659 [47, 114, 129, 92, 131, 214, 15, 82, 14, 24, 101, 37, 96, 22, 49, 13, 108, 171, 84, 48, 119, 42, 166, 84, 11, 16, 95, 103, 63, 182, 59, 128]
real: 2490 [47, 100, 92, 83, 111, 290, 35, 75, 18, 30, 70, 32, 68, 21, 52, 12, 95, 117, 115, 60, 97, 43, 147, 92, 18, 17, 71, 83, 62, 167, 64, 106]

grid_scale: 0.5
resize_scale: 0.5
confiance: 0.7

random_seed: 1011
data_augmentation: False
samples: 32
