MAE: 16.5 [51, 43, 4, 15, 2, 39, 40, 7, 3, 4, 31, 19, 7, 2, 10, 21, 4, 30, 16, 4, 22, 12, 28, 4, 4, 5, 25, 12, 62, 1, 0, 1]
MAPE: 19.63226700161341 [45.94594594594595, 29.25170068027211, 8.51063829787234, 28.846153846153843, 6.25, 23.353293413173652, 56.33802816901409, 7.608695652173914, 16.666666666666664, 13.333333333333334, 31.0, 20.652173913043477, 20.0, 16.666666666666664, 13.333333333333334, 7.241379310344828, 6.25, 36.144578313253014, 23.52941176470588, 9.30232558139535, 23.157894736842106, 11.320754716981133, 28.865979381443296, 19.047619047619047, 6.666666666666667, 4.3478260869565215, 35.714285714285715, 14.457831325301203, 52.991452991452995, 5.88235294117647, 0.0, 5.555555555555555]
RMSE: 23.101677428273472 [2601, 1849, 16, 225, 4, 1521, 1600, 49, 9, 16, 961, 361, 49, 4, 100, 441, 16, 900, 256, 16, 484, 144, 784, 16, 16, 25, 625, 144, 3844, 1, 0, 1]

pred: 2924 [162, 190, 51, 67, 30, 206, 111, 99, 15, 26, 131, 111, 28, 14, 85, 269, 68, 113, 84, 47, 117, 118, 125, 25, 56, 110, 95, 95, 179, 18, 62, 17]
real: 2490 [111, 147, 47, 52, 32, 167, 71, 92, 18, 30, 100, 92, 35, 12, 75, 290, 64, 83, 68, 43, 95, 106, 97, 21, 60, 115, 70, 83, 117, 17, 62, 18]

grid_scale: 0.4
resize_scale: 0.5
confiance: 0.7

random_seed: 1011
data_augmentation: False
samples: 32
