MAE: 34.8125 [51, 150, 11, 52, 6, 27, 104, 22, 2, 3, 46, 6, 9, 6, 9, 130, 77, 76, 17, 20, 30, 19, 45, 11, 2, 19, 18, 25, 101, 6, 9, 5]
MAPE: 42.317017050817284 [45.94594594594595, 102.04081632653062, 23.404255319148938, 100.0, 18.75, 16.16766467065868, 146.47887323943664, 23.91304347826087, 11.11111111111111, 10.0, 46.0, 6.521739130434782, 25.71428571428571, 50.0, 12.0, 44.827586206896555, 120.3125, 91.56626506024097, 25.0, 46.51162790697674, 31.57894736842105, 17.92452830188679, 46.391752577319586, 52.38095238095239, 3.3333333333333335, 16.52173913043478, 25.71428571428571, 30.120481927710845, 86.32478632478633, 35.294117647058826, 14.516129032258066, 27.77777777777778]
RMSE: 52.05525910030609 [2601, 22500, 121, 2704, 36, 729, 10816, 484, 4, 9, 2116, 36, 81, 36, 81, 16900, 5929, 5776, 289, 400, 900, 361, 2025, 121, 4, 361, 324, 625, 10201, 36, 81, 25]

pred: 3604 [162, 297, 58, 104, 38, 194, 175, 114, 20, 33, 146, 98, 44, 18, 84, 420, 141, 159, 85, 63, 125, 125, 142, 32, 62, 134, 88, 108, 218, 23, 71, 23]
real: 2490 [111, 147, 47, 52, 32, 167, 71, 92, 18, 30, 100, 92, 35, 12, 75, 290, 64, 83, 68, 43, 95, 106, 97, 21, 60, 115, 70, 83, 117, 17, 62, 18]

grid_scale: 0.2
resize_scale: 0.5
confiance: 0.4

random_seed: 1011
data_augmentation: False
samples: 32
