MAE: 22.625 [31, 115, 6, 31, 4, 23, 74, 11, 2, 1, 27, 9, 2, 4, 3, 74, 55, 61, 1, 11, 14, 11, 29, 10, 3, 11, 8, 13, 70, 5, 1, 4]
MAPE: 27.644775291879824 [27.927927927927925, 78.2312925170068, 12.76595744680851, 59.61538461538461, 12.5, 13.77245508982036, 104.22535211267605, 11.956521739130435, 11.11111111111111, 3.3333333333333335, 27.0, 9.782608695652174, 5.714285714285714, 33.33333333333333, 4.0, 25.517241379310345, 85.9375, 73.49397590361446, 1.4705882352941175, 25.581395348837212, 14.736842105263156, 10.377358490566039, 29.896907216494846, 47.61904761904761, 5.0, 9.565217391304348, 11.428571428571429, 15.66265060240964, 59.82905982905983, 29.411764705882355, 1.6129032258064515, 22.22222222222222]
RMSE: 35.82771273748856 [961, 13225, 36, 961, 16, 529, 5476, 121, 4, 1, 729, 81, 4, 16, 9, 5476, 3025, 3721, 1, 121, 196, 121, 841, 100, 9, 121, 64, 169, 4900, 25, 1, 16]

pred: 3190 [142, 262, 53, 83, 36, 190, 145, 103, 20, 31, 127, 83, 37, 16, 78, 364, 119, 144, 69, 54, 109, 117, 126, 31, 57, 126, 78, 96, 187, 22, 63, 22]
real: 2490 [111, 147, 47, 52, 32, 167, 71, 92, 18, 30, 100, 92, 35, 12, 75, 290, 64, 83, 68, 43, 95, 106, 97, 21, 60, 115, 70, 83, 117, 17, 62, 18]

grid_scale: 0.2
resize_scale: 0.5
confiance: 0.6

random_seed: 1011
data_augmentation: False
samples: 32
