MAE: 32.3125 [65, 114, 12, 40, 1, 47, 58, 13, 3, 1, 57, 32, 4, 4, 11, 124, 42, 67, 32, 7, 27, 23, 55, 7, 1, 25, 29, 24, 86, 6, 11, 6]
MAPE: 36.971458309762404 [58.55855855855856, 77.55102040816327, 25.53191489361702, 76.92307692307693, 3.125, 28.143712574850298, 81.69014084507043, 14.130434782608695, 16.666666666666664, 3.3333333333333335, 56.99999999999999, 34.78260869565217, 11.428571428571429, 33.33333333333333, 14.666666666666666, 42.758620689655174, 65.625, 80.72289156626506, 47.05882352941176, 16.27906976744186, 28.421052631578945, 21.69811320754717, 56.70103092783505, 33.33333333333333, 1.6666666666666667, 21.73913043478261, 41.42857142857143, 28.915662650602407, 73.50427350427351, 35.294117647058826, 17.741935483870968, 33.33333333333333]
RMSE: 45.349338473675665 [4225, 12996, 144, 1600, 1, 2209, 3364, 169, 9, 1, 3249, 1024, 16, 16, 121, 15376, 1764, 4489, 1024, 49, 729, 529, 3025, 49, 1, 625, 841, 576, 7396, 36, 121, 36]

pred: 3524 [176, 261, 59, 92, 33, 214, 129, 105, 21, 31, 157, 124, 39, 16, 86, 414, 106, 150, 100, 50, 122, 129, 152, 28, 61, 140, 99, 107, 203, 23, 73, 24]
real: 2490 [111, 147, 47, 52, 32, 167, 71, 92, 18, 30, 100, 92, 35, 12, 75, 290, 64, 83, 68, 43, 95, 106, 97, 21, 60, 115, 70, 83, 117, 17, 62, 18]

grid_scale: 0.3
resize_scale: 0.5
confiance: 0.4

random_seed: 1011
data_augmentation: False
samples: 32
