MAE: 21.9375 [1, 28, 55, 25, 41, 39, 13, 16, 1, 0, 48, 10, 42, 2, 8, 2, 22, 80, 15, 2, 29, 2, 44, 1, 5, 0, 50, 35, 10, 32, 3, 41]
MAPE: 25.941035967445227 [2.127659574468085, 28.000000000000004, 59.78260869565217, 30.120481927710845, 36.93693693693694, 13.448275862068964, 37.142857142857146, 21.333333333333336, 5.555555555555555, 0.0, 68.57142857142857, 31.25, 61.76470588235294, 9.523809523809524, 15.384615384615385, 16.666666666666664, 23.157894736842106, 68.37606837606837, 13.043478260869565, 3.3333333333333335, 29.896907216494846, 4.651162790697675, 29.931972789115648, 1.0869565217391304, 27.77777777777778, 0.0, 70.4225352112676, 42.168674698795186, 16.129032258064516, 19.16167664670659, 4.6875, 38.67924528301887]
RMSE: 29.980201800521623 [1, 784, 3025, 625, 1681, 1521, 169, 256, 1, 0, 2304, 100, 1764, 4, 64, 4, 484, 6400, 225, 4, 841, 4, 1936, 1, 25, 0, 2500, 1225, 100, 1024, 9, 1681]

pred: 3040 [48, 128, 147, 108, 152, 251, 22, 91, 17, 30, 118, 42, 110, 23, 60, 14, 117, 197, 100, 58, 126, 45, 191, 91, 13, 17, 121, 118, 72, 199, 67, 147]
real: 2490 [47, 100, 92, 83, 111, 290, 35, 75, 18, 30, 70, 32, 68, 21, 52, 12, 95, 117, 115, 60, 97, 43, 147, 92, 18, 17, 71, 83, 62, 167, 64, 106]

grid_scale: 0.5
resize_scale: 0.5
confiance: 0.5

random_seed: 1011
data_augmentation: False
samples: 32
