MAE: 9.71875 [4, 5, 7, 7, 25, 82, 12, 2, 2, 11, 4, 7, 0, 1, 4, 0, 4, 10, 31, 17, 2, 3, 6, 12, 7, 0, 7, 3, 12, 3, 14, 7]
MAPE: 12.541522881727996 [8.51063829787234, 5.0, 7.608695652173914, 8.433734939759036, 22.52252252252252, 28.27586206896552, 34.285714285714285, 2.666666666666667, 11.11111111111111, 36.666666666666664, 5.714285714285714, 21.875, 0.0, 4.761904761904762, 7.6923076923076925, 0.0, 4.2105263157894735, 8.547008547008547, 26.956521739130434, 28.333333333333332, 2.0618556701030926, 6.976744186046512, 4.081632653061225, 13.043478260869565, 38.88888888888889, 0.0, 9.859154929577464, 3.614457831325301, 19.35483870967742, 1.7964071856287425, 21.875, 6.60377358490566]
RMSE: 17.595276354749306 [16, 25, 49, 49, 625, 6724, 144, 4, 4, 121, 16, 49, 0, 1, 16, 0, 16, 100, 961, 289, 4, 9, 36, 144, 49, 0, 49, 9, 144, 9, 196, 49]

pred: 2327 [43, 105, 85, 90, 136, 208, 23, 73, 16, 19, 74, 25, 68, 22, 48, 12, 99, 127, 84, 43, 99, 40, 153, 80, 11, 17, 78, 80, 50, 170, 50, 99]
real: 2490 [47, 100, 92, 83, 111, 290, 35, 75, 18, 30, 70, 32, 68, 21, 52, 12, 95, 117, 115, 60, 97, 43, 147, 92, 18, 17, 71, 83, 62, 167, 64, 106]

grid_scale: 0.4
resize_scale: 0.5
confiance: 0.9

random_seed: 1011
data_augmentation: False
samples: 32
