MAE: 39.6875 [98, 97, 11, 36, 4, 81, 96, 28, 0, 2, 71, 67, 2, 3, 36, 28, 29, 81, 41, 8, 62, 43, 85, 7, 15, 31, 51, 35, 104, 2, 12, 4]
MAPE: 45.9445932365858 [88.28828828828829, 65.98639455782312, 23.404255319148938, 69.23076923076923, 12.5, 48.50299401197605, 135.2112676056338, 30.434782608695656, 0.0, 6.666666666666667, 71.0, 72.82608695652173, 5.714285714285714, 25.0, 48.0, 9.655172413793103, 45.3125, 97.59036144578313, 60.29411764705882, 18.6046511627907, 65.26315789473685, 40.56603773584906, 87.62886597938144, 33.33333333333333, 25.0, 26.956521739130434, 72.85714285714285, 42.168674698795186, 88.88888888888889, 11.76470588235294, 19.35483870967742, 22.22222222222222]
RMSE: 52.063662952197284 [9604, 9409, 121, 1296, 16, 6561, 9216, 784, 0, 4, 5041, 4489, 4, 9, 1296, 784, 841, 6561, 1681, 64, 3844, 1849, 7225, 49, 225, 961, 2601, 1225, 10816, 4, 144, 16]

pred: 3760 [209, 244, 58, 88, 36, 248, 167, 120, 18, 32, 171, 159, 37, 15, 111, 318, 93, 164, 109, 51, 157, 149, 182, 28, 75, 146, 121, 118, 221, 19, 74, 22]
real: 2490 [111, 147, 47, 52, 32, 167, 71, 92, 18, 30, 100, 92, 35, 12, 75, 290, 64, 83, 68, 43, 95, 106, 97, 21, 60, 115, 70, 83, 117, 17, 62, 18]

grid_scale: 0.4
resize_scale: 0.5
confiance: 0.3

random_seed: 1011
data_augmentation: False
samples: 32
