MAE: 22.28125 [6, 38, 21, 51, 48, 90, 1, 6, 4, 1, 24, 1, 20, 7, 24, 3, 19, 72, 9, 1, 39, 2, 77, 8, 2, 5, 43, 12, 7, 29, 28, 15]
MAPE: 25.50324066766739 [12.76595744680851, 38.0, 22.82608695652174, 61.44578313253012, 43.24324324324324, 31.03448275862069, 2.857142857142857, 8.0, 22.22222222222222, 3.3333333333333335, 34.285714285714285, 3.125, 29.411764705882355, 33.33333333333333, 46.15384615384615, 25.0, 20.0, 61.53846153846154, 7.82608695652174, 1.6666666666666667, 40.20618556701031, 4.651162790697675, 52.38095238095239, 8.695652173913043, 11.11111111111111, 29.411764705882355, 60.56338028169014, 14.457831325301203, 11.29032258064516, 17.365269461077844, 43.75, 14.150943396226415]
RMSE: 32.431177129422856 [36, 1444, 441, 2601, 2304, 8100, 1, 36, 16, 1, 576, 1, 400, 49, 576, 9, 361, 5184, 81, 1, 1521, 4, 5929, 64, 4, 25, 1849, 144, 49, 841, 784, 225]

pred: 3197 [53, 138, 113, 134, 159, 380, 36, 81, 22, 29, 94, 31, 88, 28, 76, 15, 114, 189, 124, 59, 136, 45, 224, 100, 20, 22, 114, 95, 69, 196, 92, 121]
real: 2490 [47, 100, 92, 83, 111, 290, 35, 75, 18, 30, 70, 32, 68, 21, 52, 12, 95, 117, 115, 60, 97, 43, 147, 92, 18, 17, 71, 83, 62, 167, 64, 106]

grid_scale: 0.3
resize_scale: 0.5
confiance: 0.6

random_seed: 1011
data_augmentation: False
samples: 32
