MAE: 31.46875 [63, 67, 4, 28, 12, 55, 87, 11, 2, 5, 42, 81, 1, 3, 32, 2, 24, 35, 60, 6, 34, 53, 44, 3, 8, 8, 66, 51, 101, 0, 18, 1]
MAPE: 38.2149933752415 [56.75675675675676, 45.57823129251701, 8.51063829787234, 53.84615384615385, 37.5, 32.93413173652694, 122.53521126760563, 11.956521739130435, 11.11111111111111, 16.666666666666664, 42.0, 88.04347826086956, 2.857142857142857, 25.0, 42.66666666666667, 0.6896551724137931, 37.5, 42.168674698795186, 88.23529411764706, 13.953488372093023, 35.78947368421053, 50.0, 45.36082474226804, 14.285714285714285, 13.333333333333334, 6.956521739130435, 94.28571428571428, 61.44578313253012, 86.32478632478633, 0.0, 29.03225806451613, 5.555555555555555]
RMSE: 42.74451719226689 [3969, 4489, 16, 784, 144, 3025, 7569, 121, 4, 25, 1764, 6561, 1, 9, 1024, 4, 576, 1225, 3600, 36, 1156, 2809, 1936, 9, 64, 64, 4356, 2601, 10201, 0, 324, 1]

pred: 3487 [174, 214, 51, 80, 44, 222, 158, 103, 16, 35, 142, 173, 34, 15, 107, 288, 88, 118, 128, 49, 129, 159, 141, 24, 68, 123, 136, 134, 218, 17, 80, 19]
real: 2490 [111, 147, 47, 52, 32, 167, 71, 92, 18, 30, 100, 92, 35, 12, 75, 290, 64, 83, 68, 43, 95, 106, 97, 21, 60, 115, 70, 83, 117, 17, 62, 18]

grid_scale: 0.5
resize_scale: 0.5
confiance: 0.3

random_seed: 1011
data_augmentation: False
samples: 32
