MAE: 31.90625 [85, 76, 10, 32, 3, 69, 78, 21, 0, 1, 56, 58, 0, 3, 29, 19, 20, 67, 30, 6, 50, 34, 67, 7, 10, 19, 42, 26, 88, 2, 9, 4]
MAPE: 37.26412934259588 [76.57657657657657, 51.70068027210885, 21.27659574468085, 61.53846153846154, 9.375, 41.31736526946108, 109.85915492957747, 22.82608695652174, 0.0, 3.3333333333333335, 56.00000000000001, 63.04347826086957, 0.0, 25.0, 38.666666666666664, 6.551724137931035, 31.25, 80.72289156626506, 44.11764705882353, 13.953488372093023, 52.63157894736842, 32.075471698113205, 69.0721649484536, 33.33333333333333, 16.666666666666664, 16.52173913043478, 60.0, 31.32530120481928, 75.21367521367522, 11.76470588235294, 14.516129032258066, 22.22222222222222]
RMSE: 42.53564681534771 [7225, 5776, 100, 1024, 9, 4761, 6084, 441, 0, 1, 3136, 3364, 0, 9, 841, 361, 400, 4489, 900, 36, 2500, 1156, 4489, 49, 100, 361, 1764, 676, 7744, 4, 81, 16]

pred: 3511 [196, 223, 57, 84, 35, 236, 149, 113, 18, 31, 156, 150, 35, 15, 104, 309, 84, 150, 98, 49, 145, 140, 164, 28, 70, 134, 112, 109, 205, 19, 71, 22]
real: 2490 [111, 147, 47, 52, 32, 167, 71, 92, 18, 30, 100, 92, 35, 12, 75, 290, 64, 83, 68, 43, 95, 106, 97, 21, 60, 115, 70, 83, 117, 17, 62, 18]

grid_scale: 0.4
resize_scale: 0.5
confiance: 0.4

random_seed: 1011
data_augmentation: False
samples: 32
