MAE: 3.230769230769231 [1, 1, 0, 16, 1, 2, 8, 3, 4, 0, 3, 1, 2]
MAPE: 4.351857543442262 [2.1739130434782608, 0.4166666666666667, 0.0, 12.213740458015266, 1.7543859649122806, 8.695652173913043, 4.790419161676647, 3.896103896103896, 6.896551724137931, 0.0, 10.0, 1.3888888888888888, 4.3478260869565215]
RMSE: 5.306019803378626
grid_scale: 0.45
resize_scale: 0.5
confiance: 0.4

random_seed: 1011
data_augmentation: True
samples: 13
total_pred: 1041
total_real: 1077
