MAE: 5.461538461538462 [6, 26, 3, 5, 4, 1, 5, 0, 1, 6, 1, 11, 2]
MAPE: 6.629083477455189 [13.043478260869565, 10.833333333333334, 3.225806451612903, 3.816793893129771, 7.017543859649122, 4.3478260869565215, 2.9940119760479043, 0.0, 1.7241379310344827, 16.216216216216218, 3.3333333333333335, 15.277777777777779, 4.3478260869565215]
RMSE: 8.553002171977168
grid_scale: 0.45
resize_scale: 0.5
confiance: 0.3

random_seed: 1011
data_augmentation: True
samples: 13
total_pred: 1130
total_real: 1077
