MAE: 4.34375 [2, 28, 11, 3, 14, 4, 5, 0, 2, 2, 7, 2, 2, 5, 9, 1, 8, 2, 0, 2, 5, 3, 1, 0, 4, 3, 1, 1, 0, 1, 9, 2]
MAPE: 7.608893966587846 [6.25, 53.84615384615385, 11.956521739130435, 4.285714285714286, 20.588235294117645, 22.22222222222222, 4.273504273504273, 0.0, 9.523809523809524, 16.666666666666664, 7.000000000000001, 2.4096385542168677, 1.1976047904191618, 8.333333333333332, 6.122448979591836, 5.555555555555555, 8.695652173913043, 3.225806451612903, 0.0, 2.0618556701030926, 4.716981132075472, 8.571428571428571, 1.2048192771084338, 0.0, 8.51063829787234, 3.1578947368421053, 1.5625, 0.8695652173913043, 0.0, 1.3333333333333335, 12.676056338028168, 6.666666666666667]
RMSE: 6.95296699258669 [4, 784, 121, 9, 196, 16, 25, 0, 4, 4, 49, 4, 4, 25, 81, 1, 64, 4, 0, 4, 25, 9, 1, 0, 16, 9, 1, 1, 0, 1, 81, 4]

pred: 2505 [34, 24, 103, 73, 82, 22, 122, 111, 23, 14, 107, 85, 165, 65, 156, 17, 84, 64, 290, 95, 101, 32, 84, 43, 51, 98, 63, 114, 17, 76, 62, 28]
real: 2490 [32, 52, 92, 70, 68, 18, 117, 111, 21, 12, 100, 83, 167, 60, 147, 18, 92, 62, 290, 97, 106, 35, 83, 43, 47, 95, 64, 115, 17, 75, 71, 30]

grid_scale: 0.2
resize_scale: 0.5
confiance: 0.7

random_seed: 1011
data_augmentation: True
samples: 32
