MAE: 4.375 [10, 21, 0, 17, 2, 5, 0, 5, 2, 3, 2, 6, 0, 0, 7, 1, 1, 13, 3, 2, 6, 0, 0, 4, 2, 3, 8, 3, 12, 1, 0, 1]
MAPE: 6.38461563599062 [9.00900900900901, 14.285714285714285, 0.0, 32.69230769230769, 6.25, 2.9940119760479043, 0.0, 5.434782608695652, 11.11111111111111, 10.0, 2.0, 6.521739130434782, 0.0, 0.0, 9.333333333333334, 0.3448275862068966, 1.5625, 15.66265060240964, 4.411764705882353, 4.651162790697675, 6.315789473684211, 0.0, 0.0, 19.047619047619047, 3.3333333333333335, 2.608695652173913, 11.428571428571429, 3.614457831325301, 10.256410256410255, 5.88235294117647, 0.0, 5.555555555555555]
RMSE: 6.740734381356382 [100, 441, 0, 289, 4, 25, 0, 25, 4, 9, 4, 36, 0, 0, 49, 1, 1, 169, 9, 4, 36, 0, 0, 16, 4, 9, 64, 9, 144, 1, 0, 1]

pred: 2542 [121, 168, 47, 35, 34, 172, 71, 87, 20, 33, 102, 86, 35, 12, 82, 291, 63, 96, 65, 45, 101, 106, 97, 25, 62, 112, 62, 86, 129, 16, 62, 19]
real: 2490 [111, 147, 47, 52, 32, 167, 71, 92, 18, 30, 100, 92, 35, 12, 75, 290, 64, 83, 68, 43, 95, 106, 97, 21, 60, 115, 70, 83, 117, 17, 62, 18]

grid_scale: 0.2
resize_scale: 0.5
confiance: 0.7

random_seed: 1011
data_augmentation: False
samples: 32
