MAE: 5.28125 [7, 27, 0, 28, 3, 6, 7, 8, 0, 0, 4, 2, 2, 1, 2, 7, 3, 12, 7, 3, 4, 4, 4, 6, 0, 3, 8, 2, 4, 1, 4, 0]
MAPE: 7.644985613026716 [6.306306306306306, 18.367346938775512, 0.0, 53.84615384615385, 9.375, 3.592814371257485, 9.859154929577464, 8.695652173913043, 0.0, 0.0, 4.0, 2.1739130434782608, 5.714285714285714, 8.333333333333332, 2.666666666666667, 2.413793103448276, 4.6875, 14.457831325301203, 10.294117647058822, 6.976744186046512, 4.2105263157894735, 3.7735849056603774, 4.123711340206185, 28.57142857142857, 0.0, 2.608695652173913, 11.428571428571429, 2.4096385542168677, 3.418803418803419, 5.88235294117647, 6.451612903225806, 0.0]
RMSE: 8.297213387638045 [49, 729, 0, 784, 9, 36, 49, 64, 0, 0, 16, 4, 4, 1, 4, 49, 9, 144, 49, 9, 16, 16, 16, 36, 0, 9, 64, 4, 16, 1, 16, 0]

pred: 2517 [118, 174, 47, 24, 35, 173, 64, 84, 18, 30, 104, 90, 33, 11, 77, 297, 67, 95, 61, 46, 99, 110, 101, 27, 60, 112, 62, 85, 121, 16, 58, 18]
real: 2490 [111, 147, 47, 52, 32, 167, 71, 92, 18, 30, 100, 92, 35, 12, 75, 290, 64, 83, 68, 43, 95, 106, 97, 21, 60, 115, 70, 83, 117, 17, 62, 18]

grid_scale: 0.2
resize_scale: 0.5
confiance: 0.7

random_seed: 1011
data_augmentation: True
samples: 32
