MAE: 4.15625 [2, 19, 2, 9, 7, 2, 9, 4, 4, 0, 2, 0, 1, 3, 9, 1, 8, 1, 11, 4, 1, 3, 4, 2, 4, 4, 1, 1, 1, 7, 6, 1]
MAPE: 6.506521000642653 [6.25, 36.53846153846153, 2.1739130434782608, 12.857142857142856, 10.294117647058822, 11.11111111111111, 7.6923076923076925, 3.6036036036036037, 19.047619047619047, 0.0, 2.0, 0.0, 0.5988023952095809, 5.0, 6.122448979591836, 5.555555555555555, 8.695652173913043, 1.6129032258064515, 3.793103448275862, 4.123711340206185, 0.9433962264150944, 8.571428571428571, 4.819277108433735, 4.651162790697675, 8.51063829787234, 4.2105263157894735, 1.5625, 0.8695652173913043, 5.88235294117647, 9.333333333333334, 8.450704225352112, 3.3333333333333335]
RMSE: 5.768990379607163 [4, 361, 4, 81, 49, 4, 81, 16, 16, 0, 4, 0, 1, 9, 81, 1, 64, 1, 121, 16, 1, 9, 16, 4, 16, 16, 1, 1, 1, 49, 36, 1]

pred: 2503 [34, 33, 90, 79, 75, 20, 126, 115, 25, 12, 102, 83, 168, 57, 156, 19, 84, 61, 279, 93, 105, 32, 87, 45, 51, 99, 63, 114, 18, 82, 65, 31]
real: 2490 [32, 52, 92, 70, 68, 18, 117, 111, 21, 12, 100, 83, 167, 60, 147, 18, 92, 62, 290, 97, 106, 35, 83, 43, 47, 95, 64, 115, 17, 75, 71, 30]

grid_scale: 0.2
resize_scale: 0.5
confiance: 0.7

random_seed: 1011
data_augmentation: False
samples: 32
